1999-11-01,25.8700,26.0600,25.7500,26.0600,5276
1999-11-02,25.8700,26.1200,25.8700,26.1200,5276
1999-11-03,26.0000,26.2500,26.0000,26.2500,9011
1999-11-04,26.0000,26.1200,26.0000,26.1200,4358
1999-11-05,26.1200,26.5000,26.0000,26.5000,14844
1999-11-08,26.3700,26.3700,26.2500,26.2500,2753
1999-11-09,26.2500,26.3700,26.2500,26.3700,6521
1999-11-10,26.2500,26.5000,26.0000,26.2500,7832
1999-11-11,26.0000,26.1200,25.8700,26.1200,4358
1999-11-12,26.0000,26.0000,26.0000,26.0000,3801
1999-11-15,26.2500,26.3700,26.1200,26.1200,2753
1999-11-16,26.0000,26.3700,26.0000,26.1200,2261
1999-11-17,26.3700,26.3700,26.1200,26.2500,2228
1999-11-18,26.1200,26.1200,25.8700,26.0600,9011
1999-11-19,26.1200,26.2500,26.1200,26.2500,98
1999-11-22,26.0000,26.0000,25.8700,25.8700,983
1999-11-23,25.9400,25.9400,25.6200,25.7500,1540
1999-11-24,25.7500,25.7500,25.6200,25.7500,721
1999-11-26,25.5000,25.6200,25.5000,25.6200,1475
1999-11-29,25.5000,25.5000,25.2500,25.3700,3244
1999-11-30,25.6200,25.6200,24.3700,24.7500,10158
1999-12-01,24.6200,24.6200,24.5000,24.5000,2228
1999-12-02,24.3700,24.5000,24.0000,24.0000,6554
1999-12-03,24.2500,24.2500,24.0000,24.0600,11731
1999-12-06,24.0000,25.0000,24.0000,25.0000,12354
1999-12-07,24.8700,25.0000,24.6200,24.6200,3113
1999-12-08,24.6900,25.1200,24.6200,25.1200,2261
1999-12-09,24.8700,24.8700,24.5000,24.6900,6947
1999-12-10,24.5600,24.8700,24.5000,24.8700,5865
1999-12-13,24.7500,24.7500,24.5000,24.7500,34996
1999-12-14,24.6200,24.8700,24.5000,24.5000,11928
1999-12-15,24.2500,24.5000,23.8700,23.8700,16974
1999-12-16,23.7500,24.0000,23.7500,24.0000,20447
1999-12-17,23.8700,24.0000,22.7500,23.0000,19497
1999-12-20,23.2500,23.5000,22.7500,23.5000,26411
1999-12-21,23.3700,23.4400,22.8700,23.2500,22249
1999-12-22,23.2500,23.3700,22.5000,22.7500,14844
1999-12-23,23.0000,23.1200,22.8700,23.0000,5210
1999-12-27,23.1200,23.1200,22.7500,23.0000,5865
1999-12-28,22.8700,23.2500,22.8700,23.0000,4129
1999-12-29,22.8700,23.0000,22.7500,23.0000,4325
1999-12-30,23.0000,23.1200,23.0000,23.0000,53871
1999-12-31,22.8700,23.1200,22.8700,23.1200,6521
2000-01-03,23.5000,23.5000,21.3700,21.7500,42697
2000-01-04,21.8700,21.8700,20.8100,21.0000,12124
2000-01-05,21.1200,21.5000,21.0000,21.1200,8651
2000-01-06,21.2500,21.5000,21.1200,21.5000,5931
2000-01-07,21.6200,22.1200,21.6200,22.1200,5276
2000-01-10,22.0000,22.7500,22.0000,22.6200,14483
2000-01-11,22.5000,22.6200,22.5000,22.5600,11928
2000-01-12,22.5600,23.0000,22.5600,22.8700,14975
2000-01-13,22.9400,23.7500,22.8700,23.6200,30310
2000-01-14,23.7500,23.7500,23.2500,23.2500,7471
2000-01-18,23.3700,23.3700,23.1200,23.2500,7832
2000-01-19,23.3700,23.8700,23.3700,23.8700,14877
2000-01-20,24.0000,24.8700,24.0000,24.8700,25690
2000-01-21,24.8700,25.0000,24.7500,24.7500,46170
2000-01-24,24.6200,24.7500,24.6200,24.6200,20185
2000-01-25,24.7500,24.7500,24.3700,24.3700,6554
2000-01-26,24.2500,24.3700,24.0000,24.1200,10617
2000-01-27,24.1200,24.5000,24.1200,24.1200,2589
2000-01-28,24.2500,24.5600,24.2500,24.5600,6554
2000-01-31,24.3100,24.3700,23.5000,23.5000,9437
2000-02-01,18.7500,18.7500,17.5000,17.5000,16253
2000-02-02,17.7500,18.7500,17.7500,18.5000,35226
2000-02-03,18.3700,18.6900,18.0000,18.3700,9789
2000-02-04,18.5000,18.7500,18.3700,18.6200,10199
2000-02-07,18.5000,18.7500,18.5000,18.6200,6595
2000-02-08,18.6200,18.8700,18.3700,18.3700,12739
2000-02-09,18.1200,18.1200,16.3700,16.3700,21258
2000-02-10,16.6200,16.7500,16.3700,16.6200,14213
2000-02-11,15.7500,16.1200,13.5000,14.1300,273121
2000-02-14,14.6300,16.0000,14.5600,15.5000,86303
2000-02-15,15.6300,15.8800,15.3800,15.8800,24822
2000-02-16,16.0000,16.1200,15.6300,15.8100,30679
2000-02-17,15.9400,15.9400,15.3800,15.6300,17408
2000-02-18,15.7500,15.7500,15.1300,15.2500,6881
2000-02-22,15.5000,15.5000,15.0000,15.0000,10199
2000-02-23,15.0000,15.0000,14.8800,14.9400,4260
2000-02-24,14.8800,14.8800,14.5000,14.6300,19415
2000-02-25,14.6300,14.8800,14.3800,14.5000,16671
2000-02-28,14.3800,14.3800,14.0000,14.3100,9298
2000-02-29,14.3100,14.3100,14.0000,14.1300,4956
2000-03-01,14.2500,14.6300,14.2500,14.5000,8847
2000-03-02,14.5000,14.6300,14.1300,14.2500,19825
2000-03-03,14.3800,14.5000,14.0000,14.0000,17162
2000-03-06,14.0000,14.0000,13.5000,13.5000,14049
2000-03-07,13.5000,13.7500,13.2500,13.5000,20603
2000-03-08,13.6300,13.6300,13.3800,13.5600,9339
2000-03-09,13.5000,14.0000,13.5000,14.0000,8233
2000-03-10,14.2500,14.3800,14.0000,14.0000,6595
2000-03-13,14.0000,14.2500,13.6300,13.6300,12452
2000-03-14,13.7500,14.0000,13.7500,14.0000,8806
2000-03-15,14.0000,14.0000,13.8800,13.9400,10854
2000-03-16,13.9400,14.2500,13.9400,14.2500,25313
2000-03-17,14.5000,14.5000,14.3800,14.4400,13599
2000-03-20,14.5600,14.7500,14.1300,14.5000,16957
2000-03-21,14.3800,15.3800,14.3800,15.3800,12698
2000-03-22,15.2500,15.2500,15.1300,15.2500,5448
2000-03-23,15.2500,15.4400,15.0000,15.4400,13271
2000-03-24,15.5000,15.5000,14.7500,14.7500,25682
2000-03-27,14.7500,14.7500,14.5000,14.7500,4055
2000-03-28,14.8800,14.8800,14.3800,14.3800,14664
2000-03-29,14.4400,14.7500,14.2500,14.7500,11100
2000-03-30,14.5000,14.8800,14.5000,14.6300,4792
2000-03-31,14.3800,14.6300,14.1300,14.1300,7864
2000-04-03,14.3800,14.7500,14.2500,14.6300,8684
2000-04-04,14.6900,14.7500,14.6300,14.6300,12165
2000-04-05,14.5000,15.0000,14.5000,14.8800,30515
2000-04-06,15.0000,15.1300,14.7500,14.8800,4751
2000-04-07,15.1300,15.1300,15.0000,15.1300,18596
2000-04-10,15.0000,15.2500,14.8800,14.8800,8233
2000-04-11,14.8800,15.0000,14.6900,14.8100,5939
2000-04-12,15.0600,15.1300,14.8800,15.0000,15892
2000-04-13,15.0000,15.0600,14.7500,14.7500,13599
2000-04-14,14.7500,15.0000,14.3800,14.5600,19251
2000-04-17,14.6300,14.7500,13.7500,14.0000,10486
2000-04-18,14.0000,14.3800,13.7500,14.3800,7700
2000-04-19,14.1300,14.1300,13.8100,13.8100,6185
2000-04-20,13.8800,14.2500,13.7500,14.0000,9298
2000-04-24,14.1300,15.0000,14.0000,15.0000,10117
2000-04-25,15.3800,15.3800,14.6300,15.0000,16957
2000-04-26,15.0000,15.1300,14.7500,14.8800,15442
2000-04-27,14.6300,14.8800,14.6300,14.8800,3482
2000-04-28,15.0000,16.1200,14.7500,16.1200,26255
2000-05-01,16.0000,16.0000,15.2500,15.5000,16343
2000-05-02,15.5000,16.1200,15.5000,16.0600,26460
2000-05-03,15.8800,16.1900,15.6300,16.1900,20275
2000-05-04,16.0000,16.1200,15.8800,16.0600,7291
2000-05-05,15.8800,16.0000,15.7500,15.8800,5407
2000-05-08,15.8800,15.8800,15.3800,15.6300,9298
2000-05-09,15.5000,16.0000,15.2500,15.8800,29860
2000-05-10,15.8800,15.8800,15.6300,15.6300,4301
2000-05-11,15.6300,15.6300,15.1300,15.3800,10117
2000-05-12,15.6300,15.6300,15.4400,15.5000,6881
2000-05-15,15.2500,15.4400,15.1300,15.4400,12902
2000-05-16,15.6300,15.6300,15.2500,15.2500,7004
2000-05-17,15.1900,15.1900,14.8100,14.8100,27976
2000-05-18,14.8800,15.1300,14.8800,14.9400,9789
2000-05-19,14.7500,15.1300,14.7500,15.1300,10486
2000-05-22,15.0000,15.0000,14.5600,14.6900,4342
2000-05-23,14.7500,14.7500,14.5000,14.6300,6185
2000-05-24,14.5000,15.2500,14.5000,15.2500,11551
2000-05-25,15.1300,15.6300,14.6300,14.7500,30228
2000-05-26,14.5000,15.0000,14.5000,15.0000,6308
2000-05-30,15.0000,15.1300,14.7500,15.1300,4956
2000-05-31,15.1300,15.3800,15.0000,15.3800,15852
2000-06-01,15.5000,16.1200,15.5000,16.1200,27484
2000-06-02,16.0000,16.2500,15.8800,16.1900,35799
2000-06-05,16.1200,16.1200,15.7500,16.0000,5693
2000-06-06,16.0000,16.0000,16.0000,16.0000,7291
2000-06-07,15.7500,15.8800,15.3800,15.7500,9298
2000-06-08,15.2500,15.6300,15.2500,15.6300,4588
2000-06-09,15.5600,15.8800,15.5600,15.8800,1925
2000-06-12,15.6300,15.7500,15.3800,15.3800,5161
2000-06-13,15.5000,15.6300,15.1300,15.6300,3482
2000-06-14,15.6300,16.0000,15.6300,15.9400,8233
2000-06-15,15.7500,16.0000,15.0000,15.1300,8233
2000-06-16,15.1900,15.6300,15.1300,15.6300,20398
2000-06-19,15.3800,15.8100,15.3800,15.8100,3482
2000-06-20,15.6300,15.7500,15.5000,15.5000,3482
2000-06-21,15.6300,15.7500,15.5000,15.6300,3031
2000-06-22,15.7500,15.7500,15.5000,15.5000,10854
2000-06-23,15.3800,15.7500,15.3800,15.6300,8151
2000-06-26,15.5000,16.0000,15.5000,15.8100,11100
2000-06-27,16.0000,16.0000,15.7500,15.8800,10854
2000-06-28,16.0000,16.0000,15.7500,15.8800,11551
2000-06-29,15.8800,15.8800,15.5000,15.6300,8192
2000-06-30,15.7500,15.8100,15.6300,15.8100,15155
2000-07-03,15.8100,15.8100,15.6900,15.7500,5734
2000-07-05,15.8800,15.8800,15.5600,15.6300,10158
2000-07-06,15.7500,15.8100,15.5000,15.8100,6185
2000-07-07,15.6900,15.7500,15.5000,15.6900,15442
2000-07-10,15.7500,15.7500,15.5000,15.6300,6185
2000-07-11,15.5000,15.7500,15.5000,15.7500,10117
2000-07-12,15.6300,15.7500,15.6300,15.6300,10117
2000-07-13,15.8800,15.8800,15.6300,15.6300,10117
2000-07-14,15.6300,15.8800,15.5000,15.5000,24166
2000-07-17,15.7500,15.8800,15.5000,15.6300,7086
2000-07-18,15.5000,15.5000,15.2500,15.3800,6881
2000-07-19,15.1300,15.2500,15.0000,15.0000,7905
2000-07-20,15.1300,15.3800,15.0000,15.2500,5489
2000-07-21,15.3800,15.8800,15.2500,15.3800,5734
2000-07-24,15.2500,15.2500,15.0000,15.0000,7332
2000-07-25,15.0000,15.5000,14.9400,15.5000,25231
2000-07-26,15.6300,15.6300,15.2500,15.5000,4751
2000-07-27,15.6300,15.8800,15.4400,15.5600,16753
2000-07-28,15.5000,15.7500,15.3800,15.3800,5898
2000-07-31,15.5000,15.7500,15.2500,15.7500,6595
2000-08-01,15.7500,16.0000,15.5000,15.5000,12698
2000-08-02,15.5600,15.7500,15.5600,15.7500,1638
2000-08-03,15.7500,15.9400,15.6300,15.7500,2826
2000-08-04,15.7500,15.8800,15.6900,15.8800,4956
2000-08-07,15.9400,15.9400,15.7500,15.7500,3031
2000-08-08,15.6300,15.7500,15.3800,15.6300,8602
2000-08-09,15.7500,16.0000,15.7500,16.0000,74629
2000-08-10,15.8800,16.1200,15.7500,16.0000,46490
2000-08-11,15.7500,16.1200,15.7500,16.1200,10199
2000-08-14,16.2500,16.2500,16.0600,16.1900,9789
2000-08-15,16.1900,16.1900,16.0000,16.0000,6595
2000-08-16,16.1900,16.1900,16.1200,16.1900,5407
2000-08-17,16.0000,16.1900,16.0000,16.0600,12698
2000-08-18,16.1900,16.1900,16.1900,16.1900,5734
2000-08-21,16.1900,16.1900,16.0000,16.0600,10199
2000-08-22,16.2500,16.2500,16.1200,16.1200,6758
2000-08-23,16.1900,16.1900,16.1900,16.1900,41
2000-08-24,16.0000,16.1200,16.0000,16.1200,2826
2000-08-25,16.0000,16.2500,16.0000,16.2500,2785
2000-08-28,16.1200,16.2500,16.0000,16.0000,10486
2000-08-29,16.0000,16.2500,16.0000,16.1900,5161
2000-08-30,16.3700,16.3700,16.1200,16.1200,7086
2000-08-31,16.1900,16.2500,16.0000,16.0000,20316
2000-09-01,16.1200,16.2500,16.1200,16.2500,9257
2000-09-05,16.3100,16.3100,16.0000,16.1200,17818
2000-09-06,16.0000,16.2500,16.0000,16.1200,10486
2000-09-07,16.0000,16.2500,16.0000,16.2500,5898
2000-09-08,16.1200,16.1200,15.8800,16.0000,3891
2000-09-11,16.0000,16.1200,16.0000,16.1200,7864
2000-09-12,16.0000,16.1200,16.0000,16.0000,13558
2000-09-13,16.1200,16.2500,16.0600,16.2500,4055
2000-09-14,16.3700,16.7500,16.2500,16.5600,31539
2000-09-15,16.5000,16.6200,16.5000,16.5000,22774
2000-09-18,16.5000,16.5000,16.2500,16.3700,22200
2000-09-19,16.3700,16.5600,16.1200,16.5600,14705
2000-09-20,16.2500,16.5600,16.2500,16.5000,22200
2000-09-21,16.6200,16.6200,16.5000,16.6200,4956
2000-09-22,16.5600,16.8700,16.5600,16.7500,8151
2000-09-25,16.7500,16.8700,16.5000,16.5000,77046
2000-09-26,16.5000,16.6200,16.5000,16.5000,3154
2000-09-27,16.5000,16.5000,16.3700,16.3700,7700
2000-09-28,16.6200,16.8700,16.5600,16.8700,4301
2000-09-29,16.8700,16.9400,16.6200,16.8100,12165
2000-10-02,16.7500,17.0000,16.7500,17.0000,13967
2000-10-03,17.0000,17.0000,16.8700,16.9400,8151
2000-10-04,16.9400,16.9400,16.8700,16.8700,4751
2000-10-05,16.7500,16.8700,16.7500,16.8700,2580
2000-10-06,16.8700,16.8700,16.6200,16.6200,2499
2000-10-09,16.3700,16.5000,16.2500,16.5000,8602
2000-10-10,16.3700,16.6200,16.3700,16.5000,14049
2000-10-11,16.6200,16.8700,16.5000,16.8700,16343
2000-10-12,16.6200,16.6200,16.6200,16.6200,1475
2000-10-13,16.5000,16.8700,16.5000,16.8700,15852
2000-10-16,16.6200,16.6200,16.6200,16.6200,3154
2000-10-17,16.7500,16.8100,16.3700,16.5000,17818
2000-10-18,16.3700,16.3700,16.3700,16.3700,451
2000-10-19,16.4400,16.6900,16.4400,16.6900,12698
2000-10-20,16.8100,16.9400,16.6900,16.6900,25313
2000-10-23,16.6200,16.6200,16.5000,16.6200,4342
2000-10-24,16.5000,16.5000,16.1200,16.5000,14090
2000-10-25,16.4400,16.6900,16.3700,16.5000,13558
2000-10-26,16.3700,16.3700,16.2500,16.2500,7332
2000-10-27,16.2500,16.3700,16.2500,16.2500,10117
2000-10-30,16.1200,16.7500,16.0000,16.7500,29532
2000-10-31,16.7500,16.7500,16.6200,16.6900,21955
2000-11-01,16.6200,16.7500,16.5000,16.6200,29737
2000-11-02,16.6200,16.6900,16.3700,16.6900,11960
2000-11-03,16.6900,16.7500,16.2500,16.2500,29123
2000-11-06,16.3700,16.3700,16.2500,16.3100,8847
2000-11-07,16.2500,16.6200,16.2500,16.6200,3441
2000-11-08,16.6900,16.6900,16.6200,16.6900,7414
2000-11-09,16.5000,16.6200,16.3700,16.6200,11960
2000-11-10,16.6200,16.6200,16.3100,16.5600,7864
2000-11-13,16.5000,16.6200,16.1200,16.6200,18268
2000-11-14,16.6200,16.8100,16.3700,16.6900,28713
2000-11-15,16.5000,16.6200,16.3100,16.6200,8438
2000-11-16,16.5000,16.5600,16.2500,16.3700,7414
2000-11-17,16.6200,16.6200,16.3100,16.3100,2580
2000-11-20,16.3100,16.7500,16.3100,16.5000,19866
2000-11-21,16.5000,16.6200,16.3700,16.6200,6881
2000-11-22,16.6200,16.7500,16.6200,16.7500,3154
2000-11-24,16.7500,16.8700,16.7500,16.8700,82
2000-11-27,16.8700,16.8700,16.6200,16.6200,3154
2000-11-28,16.7500,16.7500,16.5000,16.6200,9257
2000-11-29,16.6200,16.6200,16.4400,16.5000,5693
2000-11-30,16.5000,16.6200,16.3700,16.6200,17162
2000-12-01,16.6200,16.6900,16.5000,16.6200,11592
2000-12-04,16.6200,16.6200,16.5000,16.5000,14049
2000-12-05,16.5600,16.7500,16.5000,16.6900,4260
2000-12-06,16.6900,16.6900,16.1200,16.1200,7086
2000-12-07,16.1900,16.5000,16.1900,16.3700,8602
2000-12-08,16.5600,16.5600,16.5000,16.5600,3236
2000-12-11,16.7500,16.8700,16.5000,16.7500,19005
2000-12-12,16.6200,16.8700,16.6200,16.8700,9708
2000-12-13,16.8100,16.8100,16.3700,16.5000,37233
2000-12-14,16.5000,16.8700,16.5000,16.7500,8192
2000-12-15,16.6200,16.6200,16.5000,16.6200,9298
2000-12-18,16.5000,16.9400,16.5000,16.9400,23429
2000-12-19,16.8700,17.0000,16.6200,16.6200,18104
2000-12-20,16.6200,16.6200,16.6200,16.6200,41
2000-12-21,16.6200,16.8700,16.6200,16.8100,39199
2000-12-22,16.9400,16.9400,16.6900,16.9400,32236
2000-12-26,16.9400,17.0000,16.8700,17.0000,38380
2000-12-27,17.2500,17.9400,16.7500,17.9400,22118
2000-12-28,17.8100,17.9400,17.6900,17.9400,16343
2000-12-29,17.9400,17.9400,17.0000,17.0000,13271
2001-01-02,17.1200,17.3700,16.7500,17.0000,44196
2001-01-03,15.5000,17.2500,15.5000,17.2500,42639
2001-01-04,17.2500,17.5000,17.0000,17.0000,18555
2001-01-05,17.0000,17.0000,16.2500,16.3700,10813
2001-01-08,16.1200,16.1200,15.7500,15.7500,5693
2001-01-09,15.3800,15.3800,15.0000,15.2500,14909
2001-01-10,15.2500,15.7500,15.2500,15.7500,12902
2001-01-11,15.8100,16.0000,15.6300,15.7500,3932
2001-01-12,15.8100,15.8100,15.6900,15.6900,4260
2001-01-16,15.7500,15.7500,15.3800,15.7500,4792
2001-01-17,15.8800,15.8800,14.8800,15.3800,64307
2001-01-18,15.6300,15.7500,15.5000,15.6900,21832
2001-01-19,15.5600,15.7500,15.5000,15.6300,13517
2001-01-22,15.6900,15.7500,15.6900,15.6900,6308
2001-01-23,15.5600,15.7500,15.5000,15.6900,13517
2001-01-24,15.5600,15.5600,15.5000,15.5000,696
2001-01-25,15.6300,15.7500,15.6300,15.6300,6758
2001-01-26,15.2500,15.5600,15.2500,15.5600,12493
2001-01-29,15.8000,16.0000,15.5000,15.7000,11018
2001-01-30,15.7000,15.7500,15.5800,15.6500,27812
2001-01-31,15.7700,15.8000,15.6300,15.6300,5489
2001-02-01,15.2500,15.6200,15.2500,15.4000,18596
2001-02-02,15.5000,15.5000,15.2500,15.2500,8684
2001-02-05,15.3300,15.3500,15.3300,15.3500,942
2001-02-06,15.3500,15.5500,15.2000,15.5500,6595
2001-02-07,15.4200,15.6000,15.4000,15.6000,5038
2001-02-08,15.5200,15.6000,15.2000,15.2000,11592
2001-02-09,15.0800,15.3000,15.0800,15.1000,7905
2001-02-12,15.1500,15.2500,15.1000,15.2300,9789
2001-02-13,15.2500,15.4700,15.1000,15.4000,17572
2001-02-14,15.4000,15.6000,15.4000,15.5000,15852
2001-02-15,15.6000,15.6500,15.0200,15.0200,21955
2001-02-16,15.2500,15.5600,15.2000,15.3500,21422
2001-02-20,15.1500,15.2500,14.3800,14.6000,9789
2001-02-21,14.6000,14.7500,14.4500,14.7500,22364
2001-02-22,15.0000,15.1100,14.8500,14.8500,6349
2001-02-23,14.8000,15.2500,14.7000,15.2300,12493
2001-02-26,15.3400,15.7500,15.1400,15.7500,14459
2001-02-27,15.7500,16.0500,15.7500,15.9000,86057
2001-02-28,15.9900,15.9900,15.1500,15.5000,18022
2001-03-01,15.4200,15.4200,15.1000,15.1000,3891
2001-03-02,15.2700,15.7300,15.2700,15.7300,1556
2001-03-05,15.7000,15.7500,15.1000,15.1000,21258
2001-03-06,15.2500,15.2500,15.0200,15.2500,37192
2001-03-07,15.1500,15.4000,15.1500,15.3000,9298
2001-03-08,15.2000,15.4000,15.2000,15.3000,12165
2001-03-09,15.2500,15.2500,15.0300,15.0400,9257
2001-03-12,15.1000,15.3000,15.0200,15.0200,8847
2001-03-13,15.0200,15.6500,15.0000,15.6000,15073
2001-03-14,15.5000,15.5900,15.2000,15.2500,10404
2001-03-15,15.0000,15.4000,14.9700,15.1500,43500
2001-03-16,15.2700,15.2700,15.0000,15.2000,19825
2001-03-19,15.0000,15.2500,15.0000,15.2500,5038
2001-03-20,15.1700,15.2500,15.1000,15.1500,25682
2001-03-21,15.1000,15.4400,15.1000,15.1500,31867
2001-03-22,15.2000,15.2000,14.7500,14.8000,35594
2001-03-23,14.8900,14.9300,14.7000,14.8000,18596
2001-03-26,14.7500,14.9800,14.5000,14.5000,20521
2001-03-27,14.6000,15.2200,14.6000,15.0000,11796
2001-03-28,14.8100,15.1000,14.7500,14.7500,13967
2001-03-29,14.8500,14.9800,14.8000,14.8000,7741
2001-03-30,14.8000,15.9900,14.8000,15.9700,35799
2001-04-02,15.9500,15.9500,15.0000,15.0000,27566
2001-04-03,15.0000,15.3000,14.9000,15.0500,12165
2001-04-04,15.0500,15.0500,14.9000,14.9000,1925
2001-04-05,14.9200,15.7500,14.8000,15.7500,18719
2001-04-06,15.7500,15.7500,15.5000,15.5500,9257
2001-04-09,15.6000,15.6900,15.2700,15.3000,5734
2001-04-10,15.1500,15.6000,15.1500,15.3600,5489
2001-04-11,15.2500,15.3500,15.0000,15.3500,21709
2001-04-12,15.3500,15.5000,15.1500,15.5000,4055
2001-04-16,15.5000,15.5000,15.0900,15.2000,4792
2001-04-17,15.3000,15.4000,15.2000,15.4000,532
2001-04-18,15.3500,15.8800,15.2500,15.5000,26337
2001-04-19,15.5000,15.8500,15.4000,15.8500,9708
2001-04-20,15.8500,15.8500,15.4000,15.4000,6758
2001-04-23,15.5000,15.6500,15.1000,15.1000,10158
2001-04-24,15.3000,15.8000,15.2500,15.8000,25313
2001-04-25,15.8500,15.9000,15.6500,15.9000,5898
2001-04-26,15.9000,15.9000,15.6000,15.6500,4055
2001-04-27,15.7000,16.2500,15.7000,16.0000,16425
2001-04-30,16.1500,16.1500,15.5000,15.7000,13599
2001-05-01,15.6000,15.7000,15.4500,15.6000,14418
2001-05-02,15.6000,15.6400,15.2000,15.4000,21422
2001-05-03,15.4200,15.7000,15.3600,15.6000,2580
2001-05-04,15.4700,15.8000,15.3000,15.8000,11715
2001-05-07,15.8000,15.9000,15.7000,15.7000,2376
2001-05-08,15.6000,15.6000,15.1500,15.3000,41533
2001-05-09,15.3000,15.3500,15.1500,15.3500,6881
2001-05-10,15.3500,15.4000,14.9000,15.0000,32072
2001-05-11,15.1500,15.2500,15.0000,15.1000,27976
2001-05-14,15.0000,15.4500,15.0000,15.4500,31826
2001-05-15,15.5000,16.0500,15.5000,16.0000,60129
2001-05-16,16.0000,16.3500,16.0000,16.2500,34775
2001-05-17,16.1000,16.4700,16.1000,16.3000,44605
2001-05-18,16.2000,16.6000,16.2000,16.6000,13189
2001-05-21,16.6000,17.4000,16.6000,17.4000,33014
2001-05-22,17.4000,18.1000,17.3000,17.7200,50504
2001-05-23,17.6000,17.7500,17.0500,17.2500,11960
2001-05-24,17.1000,17.1700,16.5000,16.6200,13107
2001-05-25,16.7500,17.1500,16.6000,17.1500,8684
2001-05-29,17.1500,17.2500,16.6000,16.6000,6595
2001-05-30,16.6000,17.3500,16.5100,17.0200,16957
2001-05-31,17.4500,17.4500,17.0000,17.0000,12370
2001-06-01,17.1500,17.2500,16.8000,17.2500,18309
2001-06-04,17.3000,17.9900,17.1800,17.9900,25887
2001-06-05,17.9500,18.4900,17.8000,18.2000,37683
2001-06-06,18.2400,18.2400,18.0800,18.0800,23634
2001-06-07,18.1500,18.1500,18.0000,18.0500,6185
2001-06-08,18.0000,18.0800,17.9500,17.9600,14090
2001-06-11,17.9600,18.5500,17.9600,18.1500,26706
2001-06-12,18.4000,18.4000,17.9000,18.2000,14213
2001-06-13,18.2000,18.4000,18.0000,18.4000,14213
2001-06-14,18.0000,18.7000,18.0000,18.7000,36741
2001-06-15,18.8400,18.8400,18.5000,18.6000,56566
2001-06-18,18.6000,18.8400,18.5000,18.6500,10117
2001-06-19,18.6000,18.6100,18.3000,18.5100,13107
2001-06-20,18.3000,18.5000,18.3000,18.3500,58573
2001-06-21,18.3500,18.5000,18.3500,18.3500,16220
2001-06-22,18.5000,18.7000,18.3800,18.4100,27566
2001-06-25,18.5000,18.7000,18.3800,18.4100,87532
2001-06-26,18.6000,19.0000,18.5000,19.0000,37888
2001-06-27,18.7900,18.9000,18.6000,18.8800,334070
2001-06-28,18.6900,18.9000,18.6300,18.7000,15524
2001-06-29,18.6300,19.2000,18.6300,19.2000,94863
2001-07-02,18.7500,19.0000,18.3600,18.3600,52347
2001-07-03,18.6400,18.6400,18.2000,18.5200,10158
2001-07-05,18.4900,18.5600,18.2500,18.3000,25231
2001-07-06,18.4500,18.4500,18.1500,18.2000,9298
2001-07-09,18.4000,18.8500,18.0600,18.8500,34980
2001-07-10,18.6000,18.6000,17.6000,17.6600,17449
2001-07-11,17.6600,18.3400,17.6000,18.3400,8847
2001-07-12,18.2500,18.7000,18.2500,18.6500,8438
2001-07-13,18.5000,18.6500,18.0500,18.0500,8233
2001-07-16,18.3500,18.5600,18.1000,18.1000,7864
2001-07-17,18.1500,18.4000,17.9000,18.3500,16425
2001-07-18,18.3500,18.5800,18.1000,18.2000,13967
2001-07-19,18.4800,18.4900,18.0000,18.0000,13189
2001-07-20,18.0500,18.5500,18.0500,18.5500,13271
2001-07-23,18.4500,18.4500,18.3000,18.4000,6595
2001-07-24,18.4000,18.8000,18.3100,18.8000,125911
2001-07-25,18.8200,19.0500,18.7500,18.9500,159949
2001-07-26,19.0000,19.1000,18.9600,19.0500,35267
2001-07-27,19.2500,19.2500,19.0000,19.0000,217498
2001-07-30,19.2500,19.2500,18.9500,18.9500,133489
2001-07-31,18.9500,19.1800,18.9500,18.9700,17162
2001-08-01,18.9600,19.2100,18.9200,19.1000,4956
2001-08-02,19.1800,19.2500,19.1200,19.1200,11715
2001-08-03,19.1500,19.3000,19.0500,19.3000,16998
2001-08-06,19.3000,19.3000,19.1100,19.1500,10117
2001-08-07,19.2500,19.3000,19.1000,19.2600,23675
2001-08-08,19.2600,19.2600,19.1000,19.1000,8151
2001-08-09,19.0500,19.4000,18.9000,19.1600,209060
2001-08-10,19.2500,19.2500,19.0000,19.1100,13640
2001-08-13,19.0100,19.2500,19.0100,19.2500,312975
2001-08-14,19.2500,19.3400,18.9000,19.2000,49603
2001-08-15,19.4500,19.5700,19.0000,19.5700,253256
2001-08-16,19.2500,20.1500,19.2400,20.1500,193987
2001-08-17,20.2500,20.2500,19.7700,20.2000,133571
2001-08-20,20.2200,21.0600,20.2000,21.0600,141926
2001-08-21,21.1000,21.1500,20.8500,20.9200,127795
2001-08-22,21.0000,22.0500,20.9200,22.0500,42189
2001-08-23,21.2600,22.4400,21.2500,21.7000,49603
2001-08-24,21.7200,21.9900,21.0500,21.6400,42803
2001-08-27,21.1400,21.3000,19.9000,20.0900,31539
2001-08-28,20.4400,20.4400,20.0300,20.0800,48497
2001-08-29,20.0600,20.8900,20.0600,20.8700,27075
2001-08-30,21.0000,21.0000,20.5800,20.7500,7414
2001-08-31,20.7500,21.5000,20.7500,21.0000,19005
2001-09-04,21.4800,21.7400,20.8800,21.1100,19825
2001-09-05,21.0600,21.2500,21.0000,21.2500,37601
2001-09-06,21.0500,21.3000,20.5500,20.5500,20603
2001-09-07,20.5500,20.5500,20.2000,20.2000,19456
2001-09-10,20.3000,20.3000,20.0000,20.2500,80486
2001-09-17,19.8500,19.8500,18.7500,19.4900,68813
2001-09-18,19.2700,20.0000,19.2700,20.0000,32645
2001-09-19,21.0000,21.0000,20.0000,21.0000,107684
2001-09-20,20.8000,20.8000,20.0100,20.2900,117678
2001-09-21,20.2800,20.2800,19.6500,20.1800,72172
2001-09-24,20.1900,20.6000,20.1300,20.5000,59146
2001-09-25,20.7900,21.1000,20.5300,20.5800,22774
2001-09-26,20.9400,21.0000,20.0000,20.5000,35594
2001-09-27,20.8200,20.8200,20.5000,20.7800,6513
2001-09-28,20.1300,21.5000,20.1300,21.5000,30966
2001-10-01,21.4900,21.5000,20.7600,20.8300,54641
2001-10-02,20.8900,21.0200,20.8900,20.9800,28426
2001-10-03,21.2500,21.2500,20.9500,20.9500,24863
2001-10-04,21.0800,21.0800,20.7300,21.0800,66273
2001-10-05,21.0000,21.0000,20.5000,20.6900,43090
2001-10-08,20.7500,20.7500,20.4000,20.5200,68280
2001-10-09,20.5000,20.6500,20.3500,20.6500,25723
2001-10-10,20.3000,21.1000,20.2000,21.1000,9708
2001-10-11,21.2500,21.3200,20.5300,21.1000,32645
2001-10-12,21.0900,21.5000,20.8300,21.4400,11018
2001-10-15,21.4800,21.7400,20.5100,20.5500,75121
2001-10-16,21.1200,21.1200,20.5500,20.7400,29532
2001-10-17,20.9600,20.9600,20.4000,20.4000,13189
2001-10-18,20.2500,20.7400,20.2500,20.5500,80937
2001-10-19,20.7400,22.2400,20.1800,22.1800,28959
2001-10-22,22.2000,23.2100,21.8500,23.2100,42803
2001-10-23,23.2400,23.2400,22.0700,22.4000,22200
2001-10-24,22.5000,23.0000,22.0100,23.0000,11796
2001-10-25,23.0000,23.0000,21.8200,23.0000,13107
2001-10-26,23.0600,23.2100,22.5000,22.9900,10813
2001-10-29,22.5300,23.0000,22.0600,22.0600,6595
2001-10-30,22.7800,22.7800,22.0100,22.2100,7004
2001-10-31,22.0200,22.8000,22.0200,22.2400,20521
2001-11-01,22.1900,22.9900,22.1300,22.7500,12698
2001-11-02,21.9500,22.2000,21.5000,22.0500,14213
2001-11-05,21.6100,22.4500,21.6100,22.4500,5693
2001-11-06,22.4800,22.8000,21.9200,22.8000,10117
2001-11-07,22.8000,22.8000,21.5600,22.3600,8847
2001-11-08,22.0200,22.2000,21.7500,22.2000,5407
2001-11-09,22.2000,22.4500,21.9800,22.4500,16015
2001-11-12,21.7200,22.6800,21.7200,22.4800,9708
2001-11-13,22.7100,22.9600,22.1400,22.2600,18719
2001-11-14,22.3000,22.5000,21.9300,22.4800,10117
2001-11-15,22.4700,22.4700,21.9800,22.3800,14213
2001-11-16,22.1500,22.3700,21.9300,22.3500,16998
2001-11-19,22.4400,22.4400,22.1700,22.4400,9667
2001-11-20,22.3400,22.3500,22.0000,22.0000,15524
2001-11-21,22.4000,22.4000,22.0000,22.3800,8602
2001-11-23,22.6500,22.6500,22.4500,22.6300,8684
2001-11-26,22.2700,22.6600,22.2700,22.6000,5734
2001-11-27,22.6000,22.6000,22.3600,22.5900,11960
2001-11-28,22.6000,22.6000,22.3600,22.5000,4055
2001-11-29,22.5300,22.7500,22.5300,22.7500,18719
2001-11-30,22.8000,23.0900,22.6000,22.8500,8151
2001-12-03,23.1900,23.1900,22.6200,22.6200,11551
2001-12-04,22.6000,22.6600,22.5000,22.6100,14049
2001-12-05,22.4500,22.7100,22.4400,22.5500,14213
2001-12-06,22.6100,22.6100,22.5300,22.5500,9052
2001-12-07,23.0500,23.0500,22.4100,23.0500,16998
2001-12-10,23.0800,23.1000,22.4500,22.4500,4301
2001-12-11,22.4600,22.6800,22.4500,22.6800,13189
2001-12-12,22.5300,22.5800,22.4100,22.5600,19251
2001-12-13,22.4000,22.5300,21.2500,21.5500,36946
2001-12-14,21.6300,22.2400,21.5800,22.1900,48087
2001-12-17,22.2600,22.3700,22.0200,22.3700,37478
2001-12-18,22.3900,22.6200,22.2000,22.6200,14705
2001-12-19,22.4900,23.2900,22.3400,23.2000,22364
2001-12-20,23.2000,23.2000,22.8000,22.8000,18964
2001-12-21,23.3900,23.5000,22.7600,23.4900,118047
2001-12-24,23.5000,24.0500,23.0000,24.0100,12452
2001-12-26,24.0800,24.5800,23.8300,24.5000,31089
2001-12-27,24.5000,24.6800,24.4600,24.5500,24781
2001-12-28,24.7400,24.7400,23.4200,23.5200,48415
2001-12-31,23.3400,23.9900,23.3400,23.4000,24084
2002-01-02,23.4100,24.2500,23.4000,24.0000,13271
2002-01-03,24.5000,24.5000,24.0000,24.3600,13967
2002-01-04,24.4900,25.0000,24.4100,24.7400,15073
2002-01-07,25.0600,25.3400,24.7500,24.8900,58573
2002-01-08,25.1000,25.1000,24.7500,25.0000,12452
2002-01-09,24.9900,25.1000,24.5200,24.5200,48292
2002-01-10,24.5300,24.8400,24.5200,24.5200,2335
2002-01-11,24.5400,24.7400,24.5200,24.5500,6881
2002-01-14,24.7500,24.8800,23.2900,23.3000,41779
2002-01-15,23.5900,23.7500,23.3900,23.7500,5898
2002-01-16,23.7300,23.7400,23.2700,23.2900,25068
2002-01-17,23.5300,23.5300,23.2400,23.4100,14705
2002-01-18,23.1500,23.5000,22.6000,22.6000,20521
2002-01-22,19.9900,19.9900,17.5200,17.5300,37970
2002-01-23,18.2500,18.2500,17.5100,18.0000,145562
2002-01-24,18.0000,18.3700,18.0000,18.3000,17869
2002-01-25,18.3000,18.3900,18.0200,18.0200,21197
2002-01-28,18.0300,18.4600,17.9500,18.4300,19302
2002-01-29,18.7500,18.7500,18.4000,18.4100,11674
2002-01-30,18.5400,19.0500,18.4200,19.0500,38349
2002-01-31,19.1000,19.5100,18.8300,19.3400,53299
2002-02-01,19.5500,19.5500,19.0000,19.0500,120576
2002-02-04,19.2100,19.3600,18.7800,18.7800,57498
2002-02-05,18.8000,19.0700,18.7500,19.0700,33075
2002-02-06,18.7500,19.2400,18.3800,18.3800,24781
2002-02-07,18.5000,18.5000,18.0000,18.0000,20685
2002-02-08,18.0500,18.1600,18.0000,18.1600,22682
2002-02-11,18.3200,19.2000,17.9700,18.7800,41728
2002-02-12,18.5000,18.6000,18.4000,18.5500,4864
2002-02-13,18.4000,18.7300,18.4000,18.6900,11571
2002-02-14,18.6200,18.9500,18.2300,18.2300,13875
2002-02-15,18.6200,18.6200,18.2000,18.4900,21811
2002-02-19,18.4000,18.4500,17.7300,17.8200,18739
2002-02-20,18.1200,18.1200,17.7500,18.1000,14080
2002-02-21,18.2000,18.3100,17.6000,17.6000,15923
2002-02-22,17.9500,17.9500,17.7500,17.9400,20941
2002-02-25,17.9500,17.9900,17.8900,17.9000,18074
2002-02-26,17.9700,18.0500,17.8800,18.0000,42240
2002-02-27,17.9800,18.1000,17.9800,18.0600,55552
2002-02-28,18.1400,18.1400,17.9000,17.9000,18739
2002-03-01,18.0000,18.4000,17.8200,18.3900,105011
2002-03-04,18.3300,18.8300,18.2500,18.7400,52480
2002-03-05,18.7700,19.0000,18.7300,18.9700,81715
2002-03-06,19.0000,19.7000,18.8800,19.7000,14182
2002-03-07,19.7000,19.7000,19.0000,19.0000,13773
2002-03-08,19.7500,19.7500,19.1100,19.7500,42957
2002-03-11,19.1000,19.8000,18.8500,19.6900,7885
2002-03-12,19.7500,19.7500,19.3500,19.7000,13517
2002-03-13,19.7500,19.7500,19.3500,19.3700,16486
2002-03-14,19.4600,19.4600,18.9000,19.3300,9830
2002-03-15,18.8900,19.7100,18.8900,19.5900,59546
2002-03-18,19.1000,19.5600,19.1000,19.5000,6758
2002-03-19,19.5900,19.7400,19.4700,19.7300,3533
2002-03-20,19.5100,19.6700,19.1500,19.4600,29133
2002-03-21,19.9000,19.9000,19.4600,19.9000,48998
2002-03-22,19.7700,19.8500,19.5200,19.5500,8602
2002-03-25,19.6800,19.8200,19.5500,19.7000,18432
2002-03-26,19.8600,19.9000,19.7000,19.9000,15616
2002-03-27,19.7000,20.1100,19.6500,20.0800,35021
2002-03-28,20.2100,20.2500,20.0300,20.1600,24832
2002-04-01,20.2500,20.2500,19.7500,20.1500,14182
2002-04-02,20.1900,20.1900,20.0800,20.1000,21965
2002-04-03,20.1500,20.3200,20.1100,20.1100,23245
2002-04-04,20.2000,20.3500,20.0800,20.2000,12237
2002-04-05,20.2000,20.4000,20.2000,20.3800,25395
2002-04-08,20.1500,20.4000,20.0900,20.3400,22886
2002-04-09,20.3400,20.4000,20.2400,20.3900,6195
2002-04-10,20.2500,20.5000,20.2400,20.4000,25651
2002-04-11,20.4000,20.4900,20.1800,20.1800,25754
2002-04-12,20.2500,20.7200,20.2200,20.6500,73267
2002-04-15,20.7500,20.7500,20.3800,20.3800,17562
2002-04-16,20.3500,21.6600,20.3500,21.6600,59443
2002-04-17,21.4100,21.7000,21.4000,21.4600,39834
2002-04-18,21.6900,22.0000,21.4000,21.9000,29133
2002-04-19,21.7900,21.7900,21.0500,21.3500,37786
2002-04-22,21.7500,21.7500,20.5000,20.5100,12698
2002-04-23,20.5000,20.9900,20.5000,20.9900,17562
2002-04-24,20.9500,21.0000,20.6000,20.6000,16896
2002-04-25,20.9000,20.9000,20.4600,20.7500,13210
2002-04-26,20.4500,20.7200,20.4500,20.5900,4915
2002-04-29,20.7500,20.8700,20.5600,20.7200,28211
2002-04-30,20.6000,22.1600,20.6000,21.5000,49971
2002-05-01,21.2000,21.8100,21.1000,21.8100,158259
2002-05-02,21.7900,22.2900,21.7700,22.2500,49357
2002-05-03,22.2400,22.7500,21.9700,22.7500,35738
2002-05-06,22.2200,22.7500,22.1100,22.5600,37734
2002-05-07,22.7600,23.0000,22.7200,22.9800,70400
2002-05-08,22.9800,23.8000,22.9800,23.5000,111667
2002-05-09,24.3700,24.3800,23.4400,23.4500,52634
2002-05-10,23.8100,23.9000,22.7800,22.7800,60262
2002-05-13,23.0500,23.9400,23.0100,23.2100,36762
2002-05-14,23.1000,23.9500,23.0000,23.8200,35533
2002-05-15,23.8300,24.0000,23.8300,23.9600,37427
2002-05-16,23.9600,24.0800,23.8400,24.0700,25139
2002-05-17,24.0200,24.1900,23.8000,23.9200,25498
2002-05-20,23.9200,23.9300,23.5000,23.5400,15462
2002-05-21,23.8400,23.8400,22.9500,23.0200,26214
2002-05-22,23.0000,23.2000,22.3000,22.7900,26573
2002-05-23,22.6600,23.0000,22.2500,23.0000,15514
2002-05-24,22.5100,23.0000,22.0500,22.2300,22886
2002-05-28,23.0000,23.0000,21.6700,21.7000,25395
2002-05-29,21.5700,22.0300,21.5600,21.6200,22323
2002-05-30,21.6200,22.1300,21.5600,21.8700,18330
2002-05-31,21.8200,22.5000,21.5500,22.0100,30566
2002-06-03,22.4000,22.4000,21.3000,21.3000,31539
2002-06-04,21.2500,21.3600,20.9300,21.2700,24832
2002-06-05,21.4000,21.4000,20.9500,21.0700,15514
2002-06-06,20.8600,21.4400,20.8600,21.0000,39424
2002-06-07,21.0100,21.2100,20.7500,20.9300,29389
2002-06-10,21.0300,21.9600,20.8000,21.5000,16486
2002-06-11,22.0000,22.0000,21.1200,21.1200,17459
2002-06-12,21.1000,21.7000,21.0000,21.5300,14643
2002-06-13,21.0700,21.9600,20.5000,20.6700,26573
2002-06-14,20.2500,21.7500,20.0000,21.6200,32410
2002-06-17,21.6200,22.0000,21.1200,22.0000,37786
2002-06-18,21.4400,21.8700,20.3500,21.4300,37427
2002-06-19,21.0000,22.0000,19.5000,19.9600,43981
2002-06-20,19.9000,20.9000,19.5100,20.6100,28518
2002-06-21,21.0000,21.3700,20.7500,21.1600,70195
2002-06-24,20.9800,21.6300,20.7500,21.0300,43674
2002-06-25,21.0900,22.0500,21.0900,21.8700,79821
2002-06-26,21.9900,22.2000,21.3500,22.0500,76134
2002-06-27,21.3500,22.5000,21.3400,22.5000,45107
2002-06-28,22.4900,23.0000,21.6000,22.7100,195533
2002-07-01,21.7600,22.7100,21.1300,21.1300,28979
2002-07-02,21.1200,21.8900,20.7600,20.9100,61952
2002-07-03,21.4000,21.4000,20.7500,21.3500,85709
2002-07-05,21.4000,21.7500,21.1400,21.5000,10701
2002-07-08,21.7500,22.0000,21.0200,21.2800,35021
2002-07-09,21.3500,22.0300,20.9500,21.9200,15872
2002-07-10,21.3000,22.1500,21.3000,21.3000,31334
2002-07-11,21.0600,21.7400,20.8000,21.0100,28570
2002-07-12,21.4000,21.7400,20.9000,21.1000,30208
2002-07-15,21.7400,21.7500,21.0000,21.5000,22272
2002-07-16,20.9000,21.4000,20.9000,21.2500,9830
2002-07-17,21.4000,21.8900,20.8500,21.5200,33946
2002-07-18,21.7500,21.7500,20.3600,20.3600,272640
2002-07-19,20.5100,21.0500,19.8600,20.0200,388659
2002-07-22,19.8600,20.0000,18.1000,19.5600,49050
2002-07-23,19.7500,19.9800,17.1900,17.2000,46490
2002-07-24,17.7100,18.2000,13.9900,17.6100,208691
2002-07-25,18.1300,19.3000,17.9900,19.0000,50790
2002-07-26,18.4600,20.3000,18.4500,19.9800,124774
2002-07-29,20.0000,20.2400,19.3300,19.7900,57037
2002-07-30,20.0400,20.0500,18.7800,19.7700,49306
2002-07-31,19.6500,20.4500,19.2500,19.2500,38144
2002-08-01,19.1500,19.9500,19.1500,19.5500,4915
2002-08-02,20.4800,20.5000,18.7600,18.9500,31846
2002-08-05,19.5000,20.1900,19.1500,19.2800,24832
2002-08-06,20.1000,20.1000,19.6000,19.7800,39219
2002-08-07,20.0000,20.0000,19.5500,19.8700,38400
2002-08-08,19.9800,20.7500,19.9400,20.6500,23245
2002-08-09,20.6500,21.2000,19.8000,20.9700,43469
2002-08-12,20.1500,20.9500,20.1100,20.5300,55245
2002-08-13,20.1600,21.1000,19.9000,19.9000,46899
2002-08-14,20.2400,21.0900,19.8000,20.8500,35328
2002-08-15,21.1000,21.2500,20.8000,21.0000,27750
2002-08-16,21.0000,21.2000,20.7500,21.2000,27648
2002-08-19,21.2000,21.2400,21.0000,21.0200,37171
2002-08-20,21.0000,21.2900,21.0000,21.0100,25702
2002-08-21,21.0200,21.4900,21.0000,21.1600,30976
2002-08-22,21.1700,21.3500,21.0500,21.2900,15462
2002-08-23,21.2800,21.3500,21.0000,21.0200,21811
2002-08-26,21.1500,21.5000,21.0000,21.3000,28723
2002-08-27,21.3000,21.4600,21.0000,21.3500,17459
2002-08-28,20.9000,21.3400,20.9000,21.2900,30464
2002-08-29,21.3500,22.1000,21.3500,22.0500,40806
2002-08-30,22.0500,22.2500,21.4800,21.9200,25395
2002-09-03,21.9000,21.9400,21.4000,21.5200,60928
2002-09-04,21.5100,22.3400,21.5000,22.2900,35328
2002-09-05,21.6500,22.6000,21.5200,21.5700,25344
2002-09-06,21.8900,22.5900,21.8500,22.0000,29594
2002-09-09,22.0000,22.7500,21.7500,22.7400,32461
2002-09-10,21.5800,22.6500,21.5800,22.4000,24627
2002-09-11,22.0900,22.8700,21.7800,22.6500,27597
2002-09-12,22.6400,23.1400,22.5000,22.9500,33280
2002-09-13,22.5400,23.4300,22.5400,23.4300,43110
2002-09-16,23.4500,23.5000,23.0000,23.1600,23347
2002-09-17,23.1000,23.1000,22.2200,22.2200,22630
2002-09-18,22.3300,22.4500,21.5000,21.5200,37325
2002-09-19,21.3500,21.8000,21.3500,21.5000,30566
2002-09-20,22.1000,22.5500,21.6300,21.9200,137574
2002-09-23,21.8600,21.9000,21.5000,21.5800,38656
2002-09-24,21.8800,22.0000,21.4500,21.5000,45056
2002-09-25,22.0000,22.0000,21.2900,21.9000,37427
2002-09-26,22.1000,22.9700,21.9000,22.9700,44851
2002-09-27,22.3300,22.9400,21.6500,22.0500,29389
2002-09-30,21.7500,22.1600,21.5600,21.9400,51866
2002-10-01,22.3500,22.9500,21.7500,22.9500,26061
2002-10-02,22.9400,23.5000,22.3700,22.4600,37171
2002-10-03,22.8900,23.0000,22.3200,22.6000,5427
2002-10-04,22.6000,23.1400,21.9700,22.0500,49971
2002-10-07,21.8100,22.0300,20.9500,20.9500,109414
2002-10-08,20.9500,21.9900,20.9100,21.1500,74035
2002-10-09,21.0000,21.1700,20.4300,20.4700,91904
2002-10-10,20.4000,21.0000,20.2500,21.0000,29594
2002-10-11,20.2500,22.0000,20.2500,22.0000,58266
2002-10-14,22.0000,22.0000,20.7400,21.4800,79514
2002-10-15,21.7500,22.0500,21.6400,21.8000,47974
2002-10-16,21.6900,22.0000,21.2000,21.2800,60928
2002-10-17,21.9900,22.0200,21.2000,21.6800,36762
2002-10-18,22.1200,22.1200,21.4300,21.6000,77005
2002-10-21,21.9900,22.0000,21.2000,21.4400,95898
2002-10-22,21.2000,22.2000,21.2000,22.0000,44032
2002-10-23,21.8900,22.3500,21.3000,22.0000,32154
2002-10-24,22.0000,22.1000,21.2200,21.4100,40602
2002-10-25,21.8300,22.0700,21.4500,21.9400,49818
2002-10-28,22.0800,22.4800,21.5000,21.8200,32819
2002-10-29,21.9300,22.8000,21.9300,22.6300,51866
2002-10-30,22.4200,22.7400,22.0100,22.7200,94054
2002-10-31,22.3500,23.0000,22.3500,22.8300,86784
2002-11-01,22.7000,23.9400,22.6500,23.8100,61542
2002-11-04,23.6400,25.0000,23.3700,24.8400,94054
2002-11-05,24.8300,24.8400,24.0300,24.7200,141363
2002-11-06,24.4900,24.6900,24.0200,24.3900,95027
2002-11-07,24.2100,24.2100,23.4000,23.5300,99123
2002-11-08,23.4400,23.6500,22.6000,22.8200,62618
2002-11-11,22.9000,22.9500,22.3900,22.3900,38093
2002-11-12,22.2700,23.0000,22.1000,22.4000,118323
2002-11-13,22.5000,24.0400,22.2100,23.7200,65894
2002-11-14,23.5300,24.2600,23.5300,23.9700,34509
2002-11-15,23.6500,23.7100,23.0000,23.3200,43981
2002-11-18,23.8100,23.8100,23.1500,23.5600,64256
2002-11-19,23.8500,23.9000,23.2800,23.3400,38707
2002-11-20,23.3600,24.2600,23.3600,24.2600,62515
2002-11-21,23.9000,24.6000,23.6000,23.8900,76032
2002-11-22,23.8900,24.4000,23.8400,24.4000,31846
2002-11-25,24.4000,24.5800,24.0100,24.4600,111258
2002-11-26,24.4000,25.0000,23.8500,24.4100,51251
2002-11-27,24.9200,25.0400,24.4600,25.0400,37427
2002-11-29,25.0400,25.0900,24.4000,24.4000,24064
2002-12-02,24.4000,24.9900,24.4000,24.9100,55552
2002-12-03,24.9000,25.1000,24.8100,24.9600,117299
2002-12-04,24.9600,25.2100,24.7600,25.1700,65434
2002-12-05,25.2100,25.4600,24.9000,25.2700,34970
2002-12-06,25.0800,25.4400,25.0100,25.4400,156723
2002-12-09,25.5000,25.5000,24.8400,25.2000,63898
2002-12-10,25.2000,25.5000,24.8000,25.2500,62822
2002-12-11,24.9500,25.7000,24.9500,25.6900,43981
2002-12-12,25.7200,25.8400,25.4300,25.8400,33024
2002-12-13,25.6500,25.9200,25.2500,25.3300,23706
2002-12-16,25.2400,26.2000,25.2400,26.0400,60621
2002-12-17,26.2400,26.6500,25.7500,26.2600,69888
2002-12-18,25.7600,26.5500,25.7600,26.1500,96717
2002-12-19,26.2400,26.2500,25.5100,25.5800,75469
2002-12-20,25.9000,26.5000,25.5800,25.9500,115610
2002-12-23,25.9700,26.5800,25.6500,26.5800,80947
2002-12-24,26.0200,26.9300,26.0200,26.7200,18074
2002-12-26,26.0000,26.9900,26.0000,26.6300,119091
2002-12-27,26.3800,26.7500,25.9800,26.2000,62515
2002-12-30,26.0000,26.5000,25.5100,26.2400,55347
2002-12-31,25.5800,26.3000,25.4300,25.4300,56371
2003-01-02,25.8900,26.0900,24.6000,26.0100,171878
2003-01-03,26.2500,26.4900,25.5900,26.0500,39168
2003-01-06,26.4900,26.5000,26.0100,26.0900,28570
2003-01-07,26.3200,26.3200,25.2700,25.6500,79718
2003-01-08,26.0900,26.0900,25.3200,25.7100,49920
2003-01-09,25.7300,26.4000,25.6500,26.1600,38093
2003-01-10,26.2400,26.2400,25.6100,25.9800,21504
2003-01-13,26.2000,26.2000,25.4900,25.7000,36045
2003-01-14,25.2700,26.0300,25.2700,25.8000,34970
2003-01-15,26.2000,26.2000,25.6800,25.7700,29133
2003-01-16,26.0700,26.0700,25.3800,25.5500,26726
2003-01-17,24.9500,25.5600,24.9500,25.0200,34970
2003-01-21,24.9600,26.0000,24.9600,25.6200,82483
2003-01-22,22.9500,22.9500,20.2000,20.9300,117299
2003-01-23,21.3700,21.3700,20.5100,20.9000,80320
2003-01-24,20.5100,20.9300,20.4900,20.5000,45760
2003-01-27,20.6000,20.9000,20.0000,20.1400,99072
2003-01-28,20.0400,20.5100,19.8200,20.5100,69312
2003-01-29,20.0400,20.5100,19.8200,20.5100,77632
2003-01-30,20.2000,20.2700,19.5000,19.8700,113856
2003-01-31,19.8600,20.5200,19.8500,20.2700,89088
2003-02-03,20.1300,20.6600,20.1300,20.5000,45440
2003-02-04,20.5400,20.5400,19.8000,20.1300,48576
2003-02-05,20.0200,20.4200,20.0100,20.3300,38016
2003-02-06,20.0000,21.0000,20.0000,20.6200,81472
2003-02-07,20.3300,20.6700,20.3300,20.4000,39104
2003-02-10,20.3900,20.6800,20.3700,20.6500,41152
2003-02-11,20.4000,20.5000,20.3500,20.4500,49024
2003-02-12,20.3500,20.4800,20.0800,20.0800,45888
2003-02-13,20.0800,20.2000,20.0000,20.0300,55360
2003-02-14,20.0200,20.1600,19.8000,20.1500,46464
2003-02-18,20.1500,20.4900,20.1500,20.4900,68416
2003-02-19,20.3900,20.4000,20.1700,20.3200,32064
2003-02-20,20.0500,20.2800,20.0500,20.2500,26368
2003-02-21,20.1100,20.7500,19.8600,20.7500,43456
2003-02-24,20.2000,20.6100,20.0300,20.0500,43072
2003-02-25,19.9500,21.5000,19.9500,21.4800,87104
2003-02-26,21.5000,21.5000,20.2700,20.6300,120896
2003-02-27,20.6200,21.4900,20.6200,21.2600,48896
2003-02-28,20.9000,21.3000,20.7100,20.8200,61632
2003-03-03,21.0000,21.0000,20.1500,20.2100,70784
2003-03-04,20.1300,20.2000,20.0200,20.1400,74112
2003-03-05,20.2000,20.4300,20.1300,20.4000,150144
2003-03-06,20.2000,20.5000,20.2000,20.5000,80576
2003-03-07,20.2000,20.3600,20.0700,20.1000,69696
2003-03-10,20.2000,20.3000,19.9500,19.9600,64576
2003-03-11,19.8700,20.2000,19.8700,20.2000,26048
2003-03-12,20.0500,20.2000,19.9600,20.0000,45504
2003-03-13,19.9000,20.1900,19.9000,20.1700,50752
2003-03-14,20.1700,20.2700,19.8600,19.8900,64192
2003-03-17,19.7000,20.1000,19.0800,20.1000,94400
2003-03-18,20.2000,20.2100,19.6800,19.8200,57216
2003-03-19,19.6600,20.0800,19.5200,20.0500,36992
2003-03-20,19.6600,20.1400,19.6200,20.0000,39424
2003-03-21,19.6300,20.6500,19.3200,20.6400,82752
2003-03-24,20.6000,20.6000,19.9200,20.2900,34944
2003-03-25,20.3000,20.7000,20.0000,20.4700,39424
2003-03-26,19.9900,20.8000,19.7400,19.9100,54656
2003-03-27,19.7800,19.7800,19.5400,19.7100,26048
2003-03-28,19.7000,20.2700,19.7000,19.9600,50816
2003-03-31,19.5700,19.9700,19.3800,19.3800,56512
2003-04-01,19.3800,19.9300,19.2000,19.9300,94720
2003-04-02,19.7700,20.9400,19.7700,20.6000,110592
2003-04-03,20.7900,20.8400,20.2800,20.4300,69312
2003-04-04,21.0000,21.0000,20.1800,20.1800,48000
2003-04-07,20.1100,21.2900,20.0000,20.1400,89856
2003-04-08,20.0500,20.8400,20.0500,20.6400,64384
2003-04-09,20.3100,20.7500,20.1500,20.1800,32384
2003-04-10,20.1700,20.4700,20.1200,20.1300,27264
2003-04-11,20.5000,20.5000,19.7800,19.9700,56064
2003-04-14,20.1500,20.4400,19.8600,20.1900,21312
2003-04-15,20.0700,20.3500,19.9600,20.0500,26944
2003-04-16,20.1800,20.2500,19.9200,19.9800,22592
2003-04-17,20.1000,20.8500,20.0410,20.2000,42432
2003-04-21,20.2000,20.9200,19.8400,20.0000,82496
2003-04-22,20.0000,20.0900,19.8900,20.0500,83776
2003-04-23,20.0500,20.1900,19.8800,20.1000,97920
2003-04-24,19.9400,20.3070,19.9400,20.2000,26048
2003-04-25,19.7200,20.1500,19.7200,19.9900,27840
2003-04-28,20.0400,20.4500,19.9100,20.4000,39168
2003-04-29,19.9800,20.4000,19.9800,20.3000,29888
2003-04-30,20.3800,20.4900,20.1100,20.3000,40512
2003-05-01,20.2900,20.5000,20.1700,20.2600,45248
2003-05-02,20.1000,20.5200,20.1000,20.3900,48064
2003-05-05,20.5400,20.6900,20.1700,20.5800,41024
2003-05-06,20.3200,20.7500,20.3100,20.7000,42368
2003-05-07,20.7500,21.0000,20.5000,20.8790,75712
2003-05-08,21.0500,21.0500,20.6500,20.9700,101760
2003-05-09,21.2000,21.2000,20.9000,21.0100,54336
2003-05-12,21.2000,21.5000,20.9200,21.2500,81088
2003-05-13,21.2500,21.2500,20.8500,21.0000,108608
2003-05-14,20.9700,20.9700,20.7000,20.7300,46208
2003-05-15,20.7400,20.9000,20.5400,20.7600,29952
2003-05-16,20.5100,20.8000,19.9600,20.0100,40512
2003-05-19,20.5000,20.5000,19.7100,19.7600,64192
2003-05-20,19.7600,20.3000,19.7100,20.2300,37056
2003-05-21,20.0100,20.0700,19.7100,19.9500,30720
2003-05-22,20.6600,20.6600,19.7000,20.1200,39104
2003-05-23,20.7500,20.7600,20.0500,20.5900,110592
2003-05-27,20.0500,20.7500,19.7000,20.6700,64832
2003-05-28,19.9800,20.7500,19.9800,20.7500,49472
2003-05-29,20.8000,20.8000,20.5800,20.5900,61248
2003-05-30,20.7500,21.5000,20.7400,21.3100,75328
2003-06-02,21.5000,21.5000,21.1200,21.3000,28160
2003-06-03,21.4300,21.5900,20.8600,21.5900,40512
2003-06-04,21.2500,22.1000,21.2500,22.0900,51072
2003-06-05,22.1000,22.2000,21.6800,22.0100,36736
2003-06-06,22.0000,22.1000,21.7100,21.7900,55104
2003-06-09,21.7200,21.8500,21.4300,21.4300,44672
2003-06-10,21.5800,21.5800,20.3400,20.7210,66944
2003-06-11,20.5100,20.6000,20.2700,20.4000,30592
2003-06-12,20.6200,20.9400,20.0400,20.0900,47296
2003-06-13,20.0600,20.4300,20.0000,20.0300,50752
2003-06-16,20.0200,20.4300,19.9500,20.0300,126720
2003-06-17,20.0000,20.3700,19.9800,20.3000,50496
2003-06-18,20.0800,20.4000,20.0500,20.2200,33152
2003-06-19,20.1000,20.4100,20.0000,20.1800,57024
2003-06-20,20.3210,20.3500,20.0000,20.1000,50816
2003-06-23,20.0500,20.3300,20.0400,20.0500,54016
2003-06-24,20.0500,20.4000,20.0479,20.1100,30592
2003-06-25,20.0500,20.2300,19.8000,19.8000,57024
2003-06-26,20.2700,20.3400,19.8100,20.2000,24320
2003-06-27,19.8000,20.2500,19.8000,20.0900,37504
2003-06-30,20.2190,20.3000,19.2500,19.3500,73984
2003-07-01,19.4000,19.4000,18.7300,19.2900,85568
2003-07-02,19.5100,20.1100,18.7300,20.1100,64384
2003-07-03,20.0000,20.4000,19.4500,19.9100,28544
2003-07-07,20.0400,20.8100,19.9400,20.5900,44480
2003-07-08,20.8400,20.9600,20.6500,20.8000,77952
2003-07-09,20.9800,21.0400,20.2000,20.8600,122496
2003-07-10,20.2900,20.9000,20.2900,20.4000,79296
2003-07-11,20.9800,21.1900,20.3600,21.1600,44480
2003-07-14,21.5000,21.5000,21.0300,21.2600,51136
2003-07-15,21.5000,21.5500,21.2500,21.4500,39552
2003-07-16,21.1000,21.5900,21.1000,21.5700,46208
2003-07-17,21.7100,21.7100,20.2000,20.2000,256000
2003-07-18,20.9600,20.9600,20.0200,20.2700,41984
2003-07-21,20.2000,20.2600,19.5000,19.9100,46464
2003-07-22,19.9500,20.3300,19.6100,20.2500,30464
2003-07-23,19.6000,20.0600,19.5200,19.7900,43264
2003-07-24,19.6000,20.7600,19.6000,20.2000,58496
2003-07-25,20.5000,20.6000,19.9100,20.0000,20736
2003-07-28,20.4300,20.4800,19.8300,20.1600,78336
2003-07-29,19.4300,20.1000,19.4100,19.8600,81088
2003-07-30,19.8000,20.2600,19.5200,19.7300,36416
2003-07-31,19.5900,20.1900,19.4300,19.7100,47936
2003-08-01,19.4300,19.7300,18.9300,19.1500,52544
2003-08-04,19.6500,19.6500,18.4899,19.0400,68096
2003-08-05,18.8000,19.7800,18.5900,18.8500,72704
2003-08-06,18.8600,19.3300,18.3600,18.3600,54208
2003-08-07,17.9400,19.5800,17.7600,19.4600,255296
2003-08-08,19.5300,19.9600,19.1100,19.6400,59200
2003-08-11,19.9000,20.0900,19.5800,19.9300,36032
2003-08-12,20.0300,20.4500,20.0000,20.4500,27904
2003-08-13,20.0400,21.0000,20.0400,20.5900,37824
2003-08-14,20.8300,20.8300,20.1100,20.3400,42688
2003-08-15,20.3225,20.5000,20.1000,20.1000,28352
2003-08-18,20.3200,20.4100,20.1300,20.3500,128576
2003-08-19,20.5200,20.5200,19.8000,20.3200,111680
2003-08-20,20.1000,20.3400,20.0000,20.2500,21632
2003-08-21,20.5000,20.5000,20.1000,20.2900,45760
2003-08-22,20.5000,20.5000,19.6000,19.6000,55616
2003-08-25,19.5000,19.8700,18.9000,19.5500,70592
2003-08-26,19.3500,20.2000,18.8600,19.9000,40576
2003-08-27,19.8910,19.9400,19.5200,19.8000,55040
2003-08-28,19.9700,19.9700,19.5000,19.6000,27840
2003-08-29,19.5500,19.8000,19.2100,19.4000,36736
2003-09-02,19.2400,19.6000,19.2400,19.4400,53184
2003-09-03,19.5000,19.5000,19.2000,19.3000,43456
2003-09-04,19.2000,19.5100,19.0900,19.1900,39616
2003-09-05,19.2100,19.3450,19.0000,19.0000,117568
2003-09-08,18.7700,20.0700,18.7500,20.0000,81088
2003-09-09,19.8950,20.2500,19.7200,20.1400,43968
2003-09-10,19.9000,20.1300,19.0300,19.0500,70144
2003-09-11,19.1000,19.8000,19.1000,19.5400,31808
2003-09-12,19.5000,20.0500,19.2700,19.6500,27904
2003-09-15,19.4100,20.0500,19.4100,19.5300,28992
2003-09-16,19.8500,20.0900,19.5800,20.0200,39424
2003-09-17,19.6800,20.0100,19.6500,19.7100,22976
2003-09-18,20.0800,20.0800,19.7710,19.9000,45248
2003-09-19,19.9300,20.1800,19.6700,19.9600,36288
2003-09-22,19.9100,20.1800,19.6500,19.8500,91200
2003-09-23,20.1300,20.2600,19.8600,20.2500,51712
2003-09-24,20.2700,20.2700,19.7100,19.7200,98176
2003-09-25,19.9300,19.9300,19.0000,19.0000,68608
2003-09-26,19.2500,19.7100,18.9600,19.0000,60224
2003-09-29,19.2300,19.6400,18.8100,19.5400,92032
2003-09-30,19.4100,19.6500,18.8500,19.0100,66176
2003-10-01,19.3900,19.7800,19.3300,19.7500,83584
2003-10-02,19.7500,19.8700,19.5910,19.7500,24128
2003-10-03,19.9500,19.9500,19.5700,19.8300,50304
2003-10-06,19.9500,19.9500,19.6000,19.9500,28672
2003-10-07,19.4500,19.9900,19.4500,19.9700,25024
2003-10-08,19.6700,19.9900,19.3100,19.5100,40128
2003-10-09,19.5100,19.7500,19.1500,19.1700,44800
2003-10-10,19.3300,19.4200,19.0400,19.4000,54720
2003-10-13,19.4600,19.9700,19.1000,19.9500,58880
2003-10-14,19.4000,20.2000,19.4000,20.1800,65280
2003-10-15,20.2100,20.2100,20.0000,20.0000,39616
2003-10-16,20.1000,20.3500,20.0000,20.2400,36224
2003-10-17,20.2400,20.3500,20.0100,20.0100,43264
2003-10-20,20.3000,20.3000,20.0000,20.0000,36032
2003-10-21,20.0200,20.1900,19.9500,20.0000,117248
2003-10-22,20.0000,20.0000,19.7500,19.7500,74304
2003-10-23,19.7000,20.0800,19.6700,19.7300,54656
2003-10-24,19.8600,19.9890,19.6100,19.6100,59456
2003-10-27,20.0200,20.0300,19.6800,19.9100,46208
2003-10-28,20.2100,20.2100,19.5900,20.1900,48384
2003-10-29,20.1500,20.2400,19.9400,20.0700,54528
2003-10-30,20.1400,20.1600,19.9300,19.9400,29632
2003-10-31,20.1000,20.2000,19.9100,20.1300,40512
2003-11-03,19.9400,20.7200,19.9400,20.7100,69184
2003-11-04,20.7400,20.7400,20.1100,20.5000,49472
2003-11-05,20.4600,20.6090,20.1100,20.5200,54592
2003-11-06,20.6800,20.6900,20.0000,20.1800,47936
2003-11-07,20.2600,20.2800,19.9100,20.0000,72576
2003-11-10,19.9900,20.2300,19.9400,20.0000,60672
2003-11-11,20.4400,20.4400,19.8000,19.9500,47680
2003-11-12,19.9400,20.2000,19.9400,20.0000,45952
2003-11-13,20.3900,20.3900,19.9800,19.9900,27456
2003-11-14,20.2200,20.2300,19.9500,19.9500,79744
2003-11-17,19.9500,20.0700,19.9500,20.0700,59968
2003-11-18,20.0500,20.2500,19.9500,19.9500,43968
2003-11-19,20.0000,20.2500,19.9500,19.9500,123392
2003-11-20,20.0000,20.2200,19.9500,20.0500,41856
2003-11-21,20.0000,20.1500,19.9800,20.0600,36928
2003-11-24,20.0000,20.2500,20.0000,20.1000,67328
2003-11-25,20.1500,20.4900,20.0100,20.4100,64576
2003-11-26,20.4600,20.6300,20.2700,20.4900,22656
2003-11-28,20.5000,20.5000,20.4000,20.4000,20608
2003-12-01,20.6100,20.8800,20.3000,20.8800,50368
2003-12-02,20.9000,20.9000,20.2900,20.2900,44032
2003-12-03,20.0800,20.8500,20.0100,20.3500,64192
2003-12-04,20.7700,20.8910,20.2500,20.8790,61696
2003-12-05,20.4100,20.8900,20.2600,20.2900,51456
2003-12-08,20.0200,21.1090,20.0200,21.0600,381248
2003-12-09,21.1000,21.1000,20.6600,21.0000,85504
2003-12-10,20.5500,21.0600,20.5500,20.8800,57344
2003-12-11,20.8600,21.4900,20.7600,21.1100,120896
2003-12-12,20.8400,21.4590,20.8400,21.3000,41984
2003-12-15,21.5000,21.6500,20.6500,20.7000,67776
2003-12-16,20.6700,21.2000,20.6700,21.2000,70080
2003-12-17,20.6500,21.0190,20.6500,20.8120,20800
2003-12-18,21.4000,21.4000,20.5000,20.8000,56768
2003-12-19,21.2900,21.3000,20.5300,20.8700,87488
2003-12-22,21.0300,21.2300,20.7200,21.0000,34688
2003-12-23,21.3100,21.5000,20.8600,21.4900,52544
2003-12-24,21.0000,21.1500,20.7900,21.0000,30400
2003-12-26,20.8800,21.3000,20.8800,21.2500,15488
2003-12-29,21.2400,21.8200,21.1800,21.8200,97216
2003-12-30,21.1000,21.1000,19.9000,20.1200,67392
2003-12-31,20.1000,20.1900,19.2000,19.2900,97600
2004-01-02,19.1000,19.8500,18.9800,19.0390,47296
2004-01-05,19.1600,19.6600,19.0000,19.3400,53696
2004-01-06,19.3500,19.4900,18.9100,18.9100,41344
2004-01-07,18.8500,19.4500,18.8500,19.4200,59968
2004-01-08,19.4200,19.7500,19.2000,19.7000,76480
2004-01-09,19.6500,19.7100,19.5000,19.6000,54528
2004-01-12,19.3600,19.9140,19.3600,19.9140,46784
2004-01-13,20.0000,20.0000,19.5000,19.6300,35584
2004-01-14,20.1000,20.1000,19.5100,19.9600,32128
2004-01-15,19.8600,20.0000,19.6000,20.0000,30080
2004-01-16,20.2400,20.5000,19.7100,19.8900,38848
2004-01-20,20.1300,20.4000,19.6300,20.3900,76160
2004-01-21,20.4900,20.4900,19.8400,20.0100,90624
2004-01-22,20.2500,20.2500,19.1000,19.1000,51136
2004-01-23,19.2800,20.0100,19.2100,20.0100,50112
2004-01-26,20.0400,20.5000,19.3100,20.4800,59584
2004-01-27,20.4000,20.6100,20.0000,20.0000,36672
2004-01-28,20.4400,20.5200,20.0000,20.0800,44672
2004-01-29,20.1400,20.3600,20.0000,20.0300,40896
2004-01-30,20.4500,20.4500,20.0000,20.0000,28160
2004-02-02,19.9000,20.1700,19.8500,19.9600,39808
2004-02-03,19.9600,20.1000,19.9500,19.9500,56448
2004-02-04,19.9100,20.0800,19.8000,19.8000,134208
2004-02-05,20.0000,20.2100,19.8000,19.9000,41024
2004-02-06,20.0300,20.3900,19.8200,20.2800,44672
2004-02-09,20.4300,20.4300,20.0600,20.1400,33536
2004-02-10,20.0100,20.9500,20.0100,20.9000,43264
2004-02-11,20.1000,20.7500,20.1000,20.6000,29952
2004-02-12,20.0100,20.7000,20.0100,20.1100,19776
2004-02-13,20.0100,20.3300,20.0000,20.0000,48960
2004-02-17,19.8500,20.5500,19.8500,20.5000,35584
2004-02-18,20.7600,20.7600,20.0900,20.5900,39616
2004-02-19,20.8500,20.8500,20.0200,20.1890,76480
2004-02-20,20.7500,20.7500,20.0200,20.3710,41600
2004-02-23,20.7500,20.7500,20.3020,20.3400,58048
2004-02-24,20.0500,20.8000,20.0000,20.5200,28992
2004-02-25,20.0500,20.6900,20.0500,20.6900,23296
2004-02-26,20.4000,20.8000,20.4000,20.6200,33216
2004-02-27,20.8000,20.9400,20.3200,20.3600,30336
2004-03-01,21.0000,21.0000,20.3900,20.7800,28288
2004-03-02,20.5000,21.0000,20.5000,20.7600,48896
2004-03-03,21.0000,21.0000,20.5000,20.9100,43136
2004-03-04,20.9300,21.1390,20.7700,20.9900,84224
2004-03-05,20.7500,21.5000,20.7500,21.2800,54592
2004-03-08,21.1900,21.3800,20.8200,20.9300,39232
2004-03-09,20.9100,20.9900,20.5000,20.6000,43648
2004-03-10,20.5600,21.2300,20.2700,20.3000,52544
2004-03-11,20.7600,21.2200,20.2200,20.3600,51904
2004-03-12,20.2600,21.5400,20.2600,21.3000,60224
2004-03-15,20.2600,21.2500,20.2400,20.2500,63552
2004-03-16,21.0300,21.3100,20.1800,20.7400,62976
2004-03-17,21.0900,21.0900,20.4600,20.8800,60352
2004-03-18,20.7600,20.9700,20.2700,20.7000,61248
2004-03-19,20.9000,21.1000,20.3000,20.6100,58880
2004-03-22,20.4500,20.8200,20.2000,20.4200,74944
2004-03-23,20.5700,20.9600,20.3300,20.7900,100800
2004-03-24,20.7300,20.9800,20.5000,20.5800,116352
2004-03-25,20.7000,21.0300,20.5100,20.9900,57152
2004-03-26,20.7800,20.7800,20.5500,20.5900,51840
2004-03-29,20.5900,20.8400,20.5000,20.8000,56768
2004-03-30,20.6000,20.8600,20.4800,20.7500,64896
2004-03-31,20.7900,21.1600,20.6400,20.7600,41280
2004-04-01,20.6000,21.2300,20.5300,21.2000,28544
2004-04-02,21.4000,21.9400,20.9200,21.7000,105984
2004-04-05,21.8400,21.9900,21.0500,21.9500,136000
2004-04-06,21.7500,21.9000,21.3600,21.3800,50688
2004-04-07,21.3500,21.3900,21.1000,21.2000,75712
2004-04-08,21.9300,21.9300,20.9800,21.1400,51840
2004-04-12,21.2500,21.4600,21.0500,21.4100,34880
2004-04-13,21.5200,21.5500,20.4900,20.5500,53312
2004-04-14,20.3200,20.8500,20.3200,20.3700,75008
2004-04-15,20.6100,20.7900,20.4000,20.4400,98176
2004-04-16,20.4900,20.9100,20.3500,20.6100,40576
2004-04-19,20.6100,20.8400,20.5200,20.7900,27264
2004-04-20,20.9100,21.0700,20.3000,20.3100,51584
2004-04-21,20.2000,20.8400,20.2000,20.8400,36096
2004-04-22,20.7250,21.2300,20.5200,21.1600,48000
2004-04-23,21.2000,21.2500,20.7600,20.8100,51008
2004-04-26,20.6500,21.1300,20.6500,20.7100,34816
2004-04-27,20.9000,21.3300,20.6900,21.3300,106688
2004-04-28,21.4400,21.4400,20.8700,20.8700,42368
2004-04-29,20.7700,21.3300,20.7300,20.7300,72256
2004-04-30,21.0100,21.0100,20.3900,20.5200,63360
2004-05-03,20.3500,20.7400,20.3500,20.6600,46592
2004-05-04,20.5600,21.0800,20.4100,20.7700,54272
2004-05-05,20.3900,21.2700,20.3900,20.8300,32064
2004-05-06,20.6300,20.9600,20.3500,20.9600,53632
2004-05-07,20.5600,20.9000,19.7200,19.8500,72192
2004-05-10,19.7500,20.1400,19.6000,19.6500,65280
2004-05-11,20.2400,20.3200,19.7300,20.1800,56320
2004-05-12,19.9200,20.3000,19.5500,20.3000,90240
2004-05-13,20.3000,20.4300,20.0100,20.0900,30080
2004-05-14,20.3300,20.4900,19.7700,20.0500,60288
2004-05-17,19.8400,20.2900,19.6000,19.9800,58624
2004-05-18,20.0500,20.2800,20.0500,20.2500,24128
2004-05-19,20.5200,20.6600,20.0000,20.0300,51008
2004-05-20,20.1500,20.2400,19.9000,19.9800,71104
2004-05-21,20.1100,20.3600,19.8660,19.9300,64832
2004-05-24,20.2900,20.2900,19.9000,20.1700,50176
2004-05-25,20.1000,20.6000,20.0600,20.5600,101120
2004-05-26,20.4700,21.0500,20.3700,20.9700,107392
2004-05-27,20.7500,21.1400,20.7500,20.9800,63808
2004-05-28,20.8800,21.1000,20.7800,20.7800,32192
2004-06-01,20.6700,21.1200,20.6600,21.1200,41984
2004-06-02,21.1600,21.2500,20.9900,21.1700,63040
2004-06-03,21.0100,21.1400,20.7500,20.7700,43456
2004-06-04,21.1400,21.2000,20.7300,21.1300,57856
2004-06-07,21.4100,21.7700,21.2300,21.7400,88832
2004-06-08,21.5600,21.8000,21.2200,21.6800,38016
2004-06-09,21.5600,21.8800,21.3300,21.3700,46144
2004-06-10,21.3900,21.6800,21.3900,21.4800,74368
2004-06-14,21.6400,21.6400,20.8800,20.9000,77504
2004-06-15,20.8100,21.4300,20.7500,21.2100,374976
2004-06-16,21.2500,21.4600,21.1600,21.4000,50816
2004-06-17,21.4900,21.5800,21.1000,21.2600,31744
2004-06-18,20.8000,21.6600,20.7000,21.4200,161216
2004-06-21,21.1200,21.6400,20.9200,21.3300,54720
2004-06-22,21.2500,21.5100,21.1000,21.5000,44544
2004-06-23,20.7900,21.4700,20.7600,21.2500,89216
2004-06-24,21.5000,21.5400,21.1700,21.1700,63040
2004-06-25,21.0900,21.5000,20.9200,21.4300,253184
2004-06-28,21.0000,21.5000,21.0000,21.3900,68672
2004-06-29,21.4900,21.9500,21.4200,21.9400,149632
2004-06-30,21.9000,21.9000,21.5500,21.7500,86208
2004-07-01,21.9000,21.9000,21.0600,21.2500,66944
2004-07-02,21.1400,21.5900,21.1400,21.5300,28288
2004-07-06,21.3800,21.5300,21.2000,21.2500,50112
2004-07-07,21.0800,21.7000,21.0800,21.3500,44160
2004-07-08,21.0600,21.6700,21.0100,21.0600,53824
2004-07-09,21.2000,21.4400,21.0800,21.2000,46464
2004-07-12,21.4300,21.6400,21.2000,21.4700,54656
2004-07-13,21.1500,21.6100,21.1500,21.4600,32128
2004-07-14,21.3500,21.5800,21.2200,21.3900,65152
2004-07-15,21.6000,21.6000,21.1000,21.2700,49280
2004-07-16,21.3000,21.5800,20.9940,21.0000,99264
2004-07-19,21.1500,21.2700,20.9000,21.0900,43136
2004-07-20,21.0400,21.5000,21.0000,21.3800,67328
2004-07-21,21.1600,21.5000,20.7800,20.7800,92032
2004-07-22,21.2000,21.4700,20.6200,20.7600,82688
2004-07-23,20.8100,21.4200,20.5600,20.5800,46208
2004-07-26,20.6500,20.9000,20.4300,20.5100,109952
2004-07-27,20.5000,20.9900,20.5000,20.9800,134272
2004-07-28,20.5200,20.9700,20.5100,20.7800,70080
2004-07-29,20.6000,20.9800,20.6000,20.9200,60864
2004-07-30,20.8750,21.0000,20.6600,20.6600,36928
2004-08-02,20.6300,20.8800,20.5000,20.8800,39104
2004-08-03,20.6900,20.8200,20.4100,20.6000,99456
2004-08-04,20.4000,20.9400,20.2500,20.7600,66880
2004-08-05,20.5300,20.6000,20.3500,20.3500,37632
2004-08-06,20.0100,20.6600,20.0100,20.3400,104384
2004-08-09,20.5000,20.8100,20.2000,20.2000,67776
2004-08-10,20.3900,20.7700,20.2000,20.7300,153920
2004-08-11,20.5300,20.8400,20.3100,20.7100,114944
2004-08-12,20.5000,20.6100,20.1800,20.3500,63744
2004-08-13,20.7100,20.7200,20.3000,20.4400,55040
2004-08-16,20.7300,20.7500,20.4900,20.7400,113344
2004-08-17,20.8500,20.9000,20.5200,20.8500,275968
2004-08-18,20.5300,21.2400,20.5200,21.2400,191488
2004-08-19,21.0600,21.2100,20.8300,20.9900,44480
2004-08-20,21.2000,21.4000,21.0100,21.3800,80256
2004-08-23,21.2950,21.4500,20.9700,21.0500,40192
2004-08-24,21.4900,21.5000,21.0000,21.3600,134272
2004-08-25,21.2900,21.5800,21.2100,21.5600,84928
2004-08-26,21.6000,21.6000,21.4100,21.5000,56320
2004-08-27,21.4200,21.7400,21.4200,21.6100,54336
2004-08-30,21.5100,21.7000,21.4700,21.6700,67328
2004-08-31,21.7100,21.7700,21.4900,21.6700,89216
2004-09-01,21.7400,22.4200,21.7000,22.0000,203648
2004-09-02,21.8900,22.1000,21.7500,22.0000,75136
2004-09-03,22.0800,22.2400,21.9300,22.0700,62848
2004-09-07,22.1900,22.4900,22.0200,22.3100,72640
2004-09-08,22.1000,22.4800,22.0300,22.2400,84224
2004-09-09,22.1500,23.0500,22.1500,22.8900,112256
2004-09-10,22.5700,23.0000,22.3700,22.8500,45888
2004-09-13,22.9800,23.2300,22.8200,23.0000,48000
2004-09-14,22.8400,22.9600,22.6500,22.9600,48960
2004-09-15,23.3400,23.3400,22.8000,23.0000,81408
2004-09-16,23.0100,23.3700,23.0100,23.3600,90816
2004-09-17,23.4100,23.7600,22.7600,23.3100,136064
2004-09-20,23.4000,23.4000,22.8400,23.1000,45760
2004-09-21,23.3200,23.3800,23.1100,23.3700,40640
2004-09-22,23.2000,23.4000,22.6800,22.7500,68736
2004-09-23,22.9200,23.0200,22.4100,22.5500,45440
2004-09-24,22.8000,22.8000,22.5700,22.5700,28352
2004-09-27,22.0200,22.3900,21.7300,22.0600,71104
2004-09-28,22.2100,22.5800,21.9900,22.2600,108416
2004-09-29,22.0700,22.5600,22.0600,22.5600,53312
2004-09-30,22.3000,22.7000,22.0700,22.2200,57408
2004-10-01,22.4000,23.0500,22.1600,22.9200,79360
2004-10-04,23.0900,23.3500,22.8500,23.1600,31808
2004-10-05,23.1700,23.3000,22.8200,22.9900,30464
2004-10-06,23.0200,23.4000,22.8000,23.3500,39936
2004-10-07,23.2300,23.2400,22.7000,22.7500,36992
2004-10-08,22.4900,23.0000,22.4800,22.6300,36736
2004-10-11,22.8600,23.0000,22.6100,22.9800,37056
2004-10-12,22.8900,23.1800,22.7200,23.1400,29696
2004-10-13,23.2000,23.3000,22.5400,22.5400,48960
2004-10-14,22.6500,22.6500,22.2500,22.2500,31872
2004-10-15,22.3900,23.0400,22.3200,22.6800,70912
2004-10-18,22.6300,23.0400,22.5000,22.8700,40896
2004-10-19,22.8800,23.0200,22.5500,22.5500,45760
2004-10-20,22.5400,22.7800,22.2800,22.7500,27520
2004-10-21,22.6600,23.1000,22.6500,23.1000,124416
2004-10-22,23.0000,23.1600,22.5000,22.6200,58752
2004-10-25,22.5600,23.1000,22.4900,23.1000,100736
2004-10-26,23.1100,23.5700,22.7700,23.5700,88128
2004-10-27,23.4800,24.7800,23.4800,24.7700,142016
2004-10-28,24.5200,24.8700,24.4700,24.7300,80640
2004-10-29,24.8600,25.0000,24.7300,24.8000,98560
2004-11-01,24.7900,25.1100,24.7500,25.0800,103872
2004-11-02,24.9500,25.2500,24.7500,24.9200,128512
2004-11-03,25.2500,25.6800,25.1500,25.6700,121856
2004-11-04,25.7000,26.9800,25.5200,26.7100,166528
2004-11-05,27.0000,27.3100,26.5600,26.7400,142016
2004-11-08,27.0300,27.0300,26.2600,26.3200,87296
2004-11-09,26.2100,26.7900,25.9700,26.7800,106432
2004-11-10,26.8000,27.2500,26.6500,26.9600,64448
2004-11-11,26.7700,27.1200,26.7700,26.9400,61312
2004-11-12,26.8600,27.5200,26.8100,27.5200,44416
2004-11-15,27.5100,27.5100,26.8200,27.0000,73216
2004-11-16,27.0100,27.0200,26.3200,26.3200,86720
2004-11-17,26.5600,27.1500,26.3100,26.5000,86336
2004-11-18,26.4500,26.4500,26.0000,26.1500,52992
2004-11-19,25.9100,26.2800,25.8300,25.9800,57536
2004-11-22,25.8200,26.5400,25.8200,25.9900,121984
2004-11-23,26.1500,26.4800,25.9200,26.3500,71808
2004-11-24,26.0500,26.3000,25.9200,26.0300,81408
2004-11-26,26.0100,26.3400,26.0100,26.2900,38848
2004-11-29,26.4400,26.8000,25.9800,26.7700,84160
2004-11-30,26.8000,27.7400,26.5000,27.1800,158848
2004-12-01,27.6100,27.9300,27.1700,27.9200,122304
2004-12-02,27.9900,28.0000,27.6000,27.7200,91008
2004-12-03,27.6500,27.7700,27.0200,27.0200,62016
2004-12-06,27.0000,27.0000,26.2100,26.2700,124992
2004-12-07,26.3200,26.3300,25.5600,25.6800,182784
2004-12-08,25.8700,26.0300,25.6900,26.0200,115776
2004-12-09,25.9700,26.0600,25.5000,25.9500,86208
2004-12-10,25.9500,26.3900,25.7400,26.3400,95104
2004-12-13,26.4400,26.5500,26.1900,26.5500,58176
2004-12-14,26.3800,26.6800,26.2700,26.5800,73280
2004-12-15,26.6500,26.9000,26.4400,26.9000,72832
2004-12-16,26.8300,26.9000,26.2100,26.4400,111424
2004-12-17,26.4100,26.7200,26.3900,26.6400,97600
2004-12-20,26.9100,27.0900,26.2800,26.4300,110016
2004-12-21,26.4600,26.9100,26.4600,26.9100,70848
2004-12-22,26.9300,26.9900,26.6900,26.9700,60736
2004-12-23,27.0000,27.0700,26.6900,26.9300,32384
2004-12-27,27.1100,27.1100,26.5000,26.6200,43264
2004-12-28,26.3900,27.1500,26.3900,27.1500,71424
2004-12-29,27.0300,27.1500,26.8100,26.8100,49344
2004-12-30,26.7800,26.9200,26.5700,26.6000,51136
2004-12-31,27.1500,27.1500,26.5000,26.5600,119424
2005-01-03,26.5100,27.0400,26.3200,26.6300,114496
2005-01-04,26.7900,26.8700,25.9700,26.0500,145792
2005-01-05,26.2400,26.2400,25.3900,25.3900,234560
2005-01-06,25.3700,25.7400,25.3400,25.3400,120704
2005-01-07,25.8100,25.8100,24.8900,24.8900,124608
2005-01-10,25.1900,25.6400,25.0000,25.1900,97216
2005-01-11,25.0500,25.4600,24.7000,25.1400,75328
2005-01-12,25.3100,25.3100,24.5900,25.1700,62976
2005-01-13,25.0000,25.0400,24.3500,24.4500,67392
2005-01-14,20.1200,20.1200,19.5400,20.0100,143680
2005-01-18,20.1800,20.1800,19.6300,19.8500,211760
2005-01-19,19.9000,19.9500,19.4400,19.4650,123200
2005-01-20,19.4300,19.4400,18.8900,18.9200,132240
2005-01-21,19.0500,19.2500,18.4300,19.2000,169920
2005-01-24,19.3000,19.4400,18.7500,18.8500,154960
2005-01-25,19.3300,19.3300,18.8000,19.1300,94320
2005-01-26,19.0100,19.2400,18.8000,19.1000,127120
2005-01-27,19.0100,19.3700,18.8900,19.1100,73520
2005-01-28,18.9100,19.2000,18.8400,19.1000,93280
2005-01-31,18.9000,19.4500,18.9000,19.3800,91600
2005-02-01,19.7400,19.7400,19.1400,19.3200,123200
2005-02-02,19.3800,19.4300,19.0800,19.3700,68320
2005-02-03,19.5400,19.5400,19.2600,19.4800,98720
2005-02-04,19.3700,20.0000,19.3700,20.0000,108800
2005-02-07,20.0000,20.1100,19.6400,19.7000,198160
2005-02-08,19.9000,19.9800,19.6300,19.6800,96080
2005-02-09,19.7600,19.7900,19.0000,19.1200,101680
2005-02-10,19.2600,19.5400,18.9300,19.3000,67440
2005-02-11,19.3500,19.8100,19.0200,19.7500,84000
2005-02-14,19.5000,19.8200,19.2600,19.4100,56000
2005-02-15,19.3000,19.5900,19.0600,19.4000,80240
2005-02-16,19.2500,19.6400,19.1200,19.5000,70560
2005-02-17,19.2700,19.5700,19.0000,19.0500,64800
2005-02-18,19.1900,19.2900,19.0000,19.0500,81600
2005-02-22,19.0400,19.0700,18.2700,18.3500,118960
2005-02-23,18.5100,18.7000,18.2700,18.5600,133360
2005-02-24,18.5900,18.8600,18.2400,18.8100,60000
2005-02-25,18.5700,19.2900,18.5700,19.2900,90240
2005-02-28,19.1000,19.3300,18.5000,18.7000,115440
2005-03-01,18.7400,19.1300,18.7000,18.9800,89840
2005-03-02,18.9400,19.4600,18.9000,18.9600,58560
2005-03-03,19.3000,19.3800,19.0000,19.0500,67120
2005-03-04,19.2600,19.7400,19.0000,19.5300,104720
2005-03-07,19.6400,19.6400,19.0500,19.2200,144720
2005-03-08,19.4700,19.4700,19.1400,19.1500,73200
2005-03-09,19.1500,19.1500,18.7700,18.8600,56880
2005-03-10,18.7200,19.1400,18.6000,18.7700,117920
2005-03-11,18.7700,18.7900,18.5600,18.7300,65760
2005-03-14,18.5500,18.9500,18.5500,18.7500,77840
2005-03-15,18.9000,19.1300,18.5200,18.5400,91680
2005-03-16,18.6300,18.7200,18.4500,18.4600,56400
2005-03-17,18.5400,18.7400,18.2900,18.5300,74480
2005-03-18,18.5700,18.7100,18.1600,18.1900,231680
2005-03-21,18.4800,18.6400,18.0300,18.2500,77040
2005-03-22,18.2000,18.5700,17.5500,17.6100,92160
2005-03-23,17.5500,17.7500,17.5500,17.6000,108240
2005-03-24,17.7700,18.0000,17.6800,17.7300,68240
2005-03-28,17.8300,17.9190,17.7500,17.8400,76160
2005-03-29,17.8800,18.0500,17.6200,17.8600,185840
2005-03-30,17.9600,18.5100,17.8000,18.5000,101680
2005-03-31,18.7000,18.8400,17.8600,18.1400,213520
2005-04-01,18.2500,18.4900,17.5200,17.8100,81200
2005-04-04,17.5300,18.0800,17.4900,17.8900,82320
2005-04-05,17.7500,18.2500,17.7500,18.1000,80480
2005-04-06,18.1900,18.5300,18.1900,18.3800,81200
2005-04-07,18.2100,18.5800,18.1400,18.4700,66400
2005-04-08,18.4200,18.4200,17.8900,17.9300,72800
2005-04-11,18.1100,18.3500,17.7800,18.2500,101760
2005-04-12,18.2500,18.6600,18.0000,18.4700,124560
2005-04-13,18.5900,18.6900,17.9900,18.0000,79200
2005-04-14,17.9000,18.0900,17.7500,17.7500,97680
2005-04-15,17.8700,18.0500,17.4000,17.4200,90320
2005-04-18,17.6400,17.9600,17.4100,17.7600,122880
2005-04-19,17.9600,18.2200,17.6300,18.1400,115760
2005-04-20,17.9900,17.9900,17.4000,17.4100,83120
2005-04-21,17.5900,17.8100,17.4000,17.5500,126400
2005-04-22,17.6200,17.7000,16.9800,17.2100,155040
2005-04-25,17.2000,17.8200,17.1500,17.6800,107920
2005-04-26,17.5300,17.7700,17.0100,17.0100,151440
2005-04-27,17.0000,17.2600,16.9000,17.1200,227520
2005-04-28,17.0000,17.2900,16.9800,17.0000,140480
2005-04-29,17.0500,17.2500,16.8000,17.1700,148320
2005-05-02,17.3800,18.0000,17.2500,17.9900,151840
2005-05-03,17.9900,18.3110,17.8100,17.9000,110080
2005-05-04,18.0000,18.4700,17.9900,18.4200,102240
2005-05-05,18.4000,18.4900,18.0700,18.4500,96480
2005-05-06,18.5200,18.5500,18.0400,18.3200,136640
2005-05-09,18.4500,18.7500,18.1500,18.7500,107440
2005-05-10,18.5100,18.6900,18.0300,18.0400,119440
2005-05-11,18.3000,18.4600,18.0000,18.2200,128000
2005-05-12,18.4100,18.6500,17.9300,18.0400,98080
2005-05-13,18.1800,18.1800,17.6500,17.8100,83760
2005-05-16,18.0000,18.7200,17.8200,18.7000,107600
2005-05-17,18.5000,18.6900,18.0800,18.5500,90720
2005-05-18,18.7500,18.9300,18.4100,18.8500,113120
2005-05-19,18.9300,19.0000,18.5100,18.7000,58960
2005-05-20,18.8400,18.8400,18.4000,18.6400,136000
2005-05-23,18.6300,18.9300,18.5000,18.7900,92640
2005-05-24,19.0000,19.0000,18.5200,18.7500,94560
2005-05-25,18.9500,18.9500,18.4200,18.4700,70640
2005-05-26,18.6900,18.7300,18.3700,18.5800,71280
2005-05-27,18.4300,18.7196,18.3900,18.5200,49920
2005-05-31,18.4700,18.7000,18.4200,18.4400,99200
2005-06-01,18.5900,18.9300,18.4200,18.9300,102480
2005-06-02,18.9600,19.0000,18.4500,18.8800,62960
2005-06-03,19.0000,19.0300,18.6300,18.6300,86800
2005-06-06,18.6000,18.6900,18.4300,18.6300,70080
2005-06-07,18.5800,19.0800,18.5500,18.7600,85040
2005-06-08,18.7000,18.9600,18.5900,18.5900,58160
2005-06-09,18.7500,19.0600,18.4600,18.9700,80320
2005-06-10,19.0700,19.0900,18.7300,18.7800,43200
2005-06-13,18.6500,19.0500,18.6500,18.8000,51920
2005-06-14,18.9400,19.1400,18.8300,19.1000,43600
2005-06-15,19.0000,19.3000,18.9800,19.3000,132080
2005-06-16,19.2300,19.6100,19.1700,19.6000,72240
2005-06-17,19.7200,19.9200,19.5000,19.7200,191920
2005-06-20,19.6400,19.8700,19.3500,19.6300,109200
2005-06-21,19.5500,19.8100,19.4700,19.6600,36560
2005-06-22,19.8100,20.1300,19.8100,20.1000,85600
2005-06-23,20.1400,20.2100,19.6700,19.7000,93440
2005-06-24,19.7000,19.8400,19.2400,19.2900,84480
2005-06-27,19.1500,19.5900,19.1400,19.5100,42640
2005-06-28,19.6500,20.1000,19.5500,20.0200,87280
2005-06-29,19.8700,20.1700,19.8700,20.1200,39760
2005-06-30,20.2500,20.2500,19.6200,19.6800,85920
2005-07-01,19.8800,20.1100,19.5000,20.0400,66560
2005-07-05,19.8400,20.5000,19.6800,20.4500,128000
2005-07-06,20.4500,20.5000,20.1400,20.1700,39600
2005-07-07,19.9700,20.3000,19.7200,20.1100,42320
2005-07-08,20.2600,20.5000,19.8400,20.4700,130400
2005-07-11,20.6000,21.2100,20.5900,21.0000,165120
2005-07-12,20.7900,21.2500,20.7700,21.0100,141840
2005-07-13,20.8900,21.3900,20.8200,21.2400,150080
2005-07-14,21.2500,21.4400,20.8300,20.8500,82400
2005-07-15,20.6500,21.2700,20.6400,21.2300,82880
2005-07-18,21.1900,21.2200,20.7400,20.7600,85040
2005-07-19,20.8500,21.2500,20.8400,21.0600,75920
2005-07-20,20.9500,21.7000,20.8600,21.5100,74800
2005-07-21,21.5600,21.5600,20.6800,20.7400,73600
2005-07-22,20.6400,21.5500,20.5200,21.5500,98640
2005-07-25,21.4400,21.7700,20.9000,21.0100,109760
2005-07-26,21.0400,21.5500,21.0400,21.3900,50160
2005-07-27,21.4300,21.5800,21.1000,21.4200,38720
2005-07-28,21.5300,21.7500,21.2900,21.7500,76560
2005-07-29,21.7600,21.8600,21.3800,21.4900,62720
2005-08-01,21.5500,21.9000,21.4600,21.6100,79360
2005-08-02,21.5800,21.9400,21.4900,21.9000,69040
2005-08-03,21.9000,21.9300,21.5300,21.5300,77680
2005-08-04,21.4200,21.6100,20.9300,20.9400,52400
2005-08-05,20.9400,21.0300,20.4900,20.5100,73040
2005-08-08,20.4700,20.8100,20.4000,20.5100,63040
2005-08-09,20.7500,20.7500,20.4100,20.6400,47760
2005-08-10,20.8400,21.0000,20.2000,20.4100,61200
2005-08-11,20.3000,20.9400,20.2800,20.9200,47280
2005-08-12,20.7200,20.8700,20.1700,20.3400,91200
2005-08-15,20.2300,20.6200,20.1500,20.6200,94560
2005-08-16,20.4800,20.4800,20.0100,20.0300,80320
2005-08-17,20.1100,20.1600,19.8400,19.9500,66160
2005-08-18,19.9000,19.9100,19.5100,19.5900,76160
2005-08-19,19.4900,19.6600,19.4200,19.5000,52480
2005-08-22,19.6900,19.8700,19.4200,19.8700,36080
2005-08-23,19.7100,19.9500,19.4500,19.5000,74480
2005-08-24,19.4500,20.0800,19.4300,19.5800,60400
2005-08-25,19.5900,19.6800,19.4000,19.6000,50800
2005-08-26,19.5900,19.6500,18.8200,18.8200,82880
2005-08-29,18.8300,19.4100,18.6900,19.4100,46880
2005-08-30,19.3000,19.5300,18.8600,19.0600,57760
2005-08-31,18.9200,19.8000,18.9200,19.8000,104240
2005-09-01,19.8000,19.9700,19.6000,19.8200,52960
2005-09-02,19.5800,19.6900,19.3900,19.5100,30960
2005-09-06,19.4000,20.2500,19.4000,20.2500,78320
2005-09-07,20.1000,20.3100,19.9400,20.3100,36080
2005-09-08,20.1000,20.3200,19.5800,19.7700,52320
2005-09-09,19.9200,20.0900,19.7600,19.9600,28720
2005-09-12,19.8200,19.9600,19.6600,19.8300,65280
2005-09-13,19.6100,19.6900,19.1200,19.4500,54240
2005-09-14,19.5000,19.6300,18.9500,18.9700,73440
2005-09-15,19.2200,19.2200,18.7600,19.0300,71840
2005-09-16,19.2100,19.7600,18.8500,19.7600,262800
2005-09-19,19.7100,19.7100,19.0600,19.2800,58080
2005-09-20,19.2000,19.5500,18.7400,18.8800,87600
2005-09-21,18.7900,18.8000,17.9500,18.1100,129760
2005-09-22,18.2000,18.2200,17.9500,18.0400,86400
2005-09-23,18.0000,18.7700,17.9600,18.6700,75440
2005-09-26,18.9000,18.9000,18.1100,18.6800,82320
2005-09-27,18.7200,18.8300,18.2000,18.6900,95680
2005-09-28,18.5900,18.7000,17.9300,18.2600,90720
2005-09-29,18.1300,18.8300,17.9200,18.7700,74880
2005-09-30,18.6300,18.9800,18.5000,18.6000,58320
2005-10-03,18.4900,18.8400,18.4300,18.5000,48000
2005-10-04,18.5800,18.8501,18.2300,18.2600,78560
2005-10-05,18.5000,18.5000,17.7000,17.7000,129760
2005-10-06,17.6000,18.0500,17.3800,17.7700,162480
2005-10-07,17.8500,17.9600,17.6200,17.8200,60800
2005-10-10,17.9700,17.9700,17.4400,17.5200,76320
2005-10-11,17.4500,17.8800,17.3500,17.3700,140880
2005-10-12,17.4500,18.0400,17.2200,17.4900,113200
2005-10-13,17.6000,17.9900,17.2700,17.9600,115920
2005-10-14,18.0900,18.3300,17.7600,18.1600,79200
2005-10-17,18.3700,18.3900,17.7000,18.1000,67440
2005-10-18,18.1600,18.1800,17.6200,17.6600,68880
2005-10-19,17.5600,18.5900,17.5000,18.5600,97920
2005-10-20,18.2500,18.5900,18.0100,18.3600,88240
2005-10-21,17.9800,18.8700,17.9800,18.5900,101840
2005-10-24,18.6000,19.1900,18.6000,19.1700,133760
2005-10-25,19.0100,19.2000,18.8200,19.1200,101360
2005-10-26,19.0800,19.4500,18.7800,18.8300,84880
2005-10-27,18.8300,19.1100,18.6000,18.6000,63600
2005-10-28,18.8300,19.3000,18.7300,19.2000,83120
2005-10-31,19.1100,19.7800,18.9500,19.6600,149760
2005-11-01,19.5300,19.7100,19.3000,19.4400,53920
2005-11-02,19.4300,19.9800,19.3600,19.9300,81440
2005-11-03,19.7400,20.0000,19.7300,19.7800,75920
2005-11-04,19.9000,19.9900,19.6330,19.9000,55440
2005-11-07,19.9900,20.0500,19.7900,20.0400,67760
2005-11-08,19.8900,20.0500,19.7000,19.9200,44880
2005-11-09,19.9500,20.2900,19.7700,20.1400,59040
2005-11-10,20.2100,20.4800,19.7400,20.2500,124320
2005-11-11,20.1600,20.5000,20.1600,20.2800,52880
2005-11-14,20.3700,20.4500,19.7200,19.8200,77680
2005-11-15,19.8200,19.9700,19.3300,19.4200,70560
2005-11-16,19.4100,19.5300,18.9100,19.1200,60000
2005-11-17,19.1200,19.9000,19.1200,19.9000,43120
2005-11-18,20.1900,20.3300,19.9700,20.3000,82320
2005-11-21,20.3000,20.5000,20.1100,20.4400,52400
2005-11-22,20.3900,20.5800,20.2100,20.4700,64720
2005-11-23,20.4200,20.5800,19.9400,20.3000,145440
2005-11-25,20.4000,20.6000,20.1400,20.6000,32720
2005-11-28,20.4900,20.6500,19.9600,19.9900,93680
2005-11-29,20.0000,20.4200,20.0000,20.4000,98720
2005-11-30,20.3900,20.7500,20.0300,20.1400,124240
2005-12-01,20.3600,21.0000,20.3100,20.9600,260960
2005-12-02,20.9700,21.0000,20.6400,20.9500,117200
2005-12-05,20.8000,20.9300,20.4600,20.6700,112000
2005-12-06,20.8600,20.9200,20.4100,20.4300,104240
2005-12-07,20.4200,20.5300,20.0200,20.1800,119840
2005-12-08,20.0800,20.6500,20.0000,20.1600,98560
2005-12-09,20.2800,20.7000,20.1400,20.6100,93760
2005-12-12,20.5200,20.7500,20.2800,20.4400,120960
2005-12-13,20.3600,20.5000,20.2700,20.4400,115680
2005-12-14,20.5000,20.8000,20.4600,20.8000,51280
2005-12-15,20.6800,20.6900,20.1400,20.3900,161680
2005-12-16,20.3900,20.7100,20.2700,20.6300,376640
2005-12-19,20.4900,20.4900,20.0900,20.2400,86480
2005-12-20,20.2400,20.3300,20.0000,20.1000,106560
2005-12-21,20.0400,20.3300,20.0400,20.2800,66000
2005-12-22,20.2500,20.3500,20.1500,20.2500,115680
2005-12-23,20.5900,20.7500,20.4500,20.5200,139200
2005-12-27,20.6300,20.7600,20.2000,20.3500,120720
2005-12-28,20.4900,20.6200,20.2800,20.5800,73040
2005-12-29,20.4300,20.5000,20.3000,20.3000,109200
2005-12-30,20.2100,20.3900,20.0400,20.3100,110480
2006-01-03,20.5000,20.6500,20.1200,20.6500,157680
2006-01-04,20.6500,20.8500,20.5200,20.6200,114560
2006-01-05,20.6300,20.7800,20.5000,20.6300,72800
2006-01-06,20.7500,20.8600,20.3400,20.6900,114080
2006-01-09,20.8300,20.9300,20.6700,20.8200,73280
2006-01-10,20.8000,20.9800,20.7000,20.9700,63920
2006-01-11,20.9500,20.9500,20.3700,20.6800,128720
2006-01-12,20.5700,20.6700,20.3200,20.5500,87680
2006-01-13,20.6000,20.6400,20.5000,20.5500,34960
2006-01-17,20.5500,20.5600,20.3100,20.4900,72160
2006-01-18,20.3400,20.8400,20.3400,20.5100,72160
2006-01-19,20.6600,20.8500,20.5000,20.5400,123600
2006-01-20,20.7900,20.7900,20.4700,20.6300,108480
2006-01-23,20.8300,20.9720,20.6900,20.7700,80640
2006-01-24,20.7800,21.0900,20.6600,20.9300,97040
2006-01-25,21.0000,21.0000,20.5200,20.8100,82240
2006-01-26,21.0000,21.0000,20.7300,20.9200,100480
2006-01-27,17.0700,17.1800,16.6400,16.9200,129840
2006-01-30,17.0000,17.0000,16.4000,16.4100,205800
2006-01-31,16.5300,16.5300,16.1300,16.4500,214600
2006-02-01,16.5400,16.7900,16.4000,16.7100,126700
2006-02-02,16.7600,16.7600,16.3000,16.5300,146000
2006-02-03,16.6300,16.8500,16.4100,16.7300,85200
2006-02-06,16.8100,16.8100,16.4200,16.5300,105300
2006-02-07,16.5800,16.7700,16.2600,16.2900,189800
2006-02-08,16.3700,16.5000,16.2900,16.4000,204700
2006-02-09,16.5200,16.5800,16.3100,16.3200,149800
2006-02-10,16.3800,16.5900,16.2200,16.4800,135800
2006-02-13,16.4000,16.5400,16.3000,16.4200,134700
2006-02-14,16.4900,17.1800,16.4600,17.1600,220400
2006-02-15,17.2000,17.2400,16.9800,17.0800,115500
2006-02-16,17.1800,17.3000,17.0500,17.1500,150900
2006-02-17,17.2300,17.2300,16.9000,16.9100,87200
2006-02-21,16.9100,16.9900,16.6000,16.6700,85800
2006-02-22,16.6600,16.9900,16.6300,16.9000,120100
2006-02-23,16.8900,17.0000,16.6800,16.7800,91800
2006-02-24,16.5100,16.8500,16.4600,16.8200,330500
2006-02-27,16.8300,17.0400,16.8000,16.9900,90900
2006-02-28,16.9300,16.9300,16.6000,16.7100,106900
2006-03-01,16.7500,17.1600,16.6300,17.1400,213000
2006-03-02,17.1100,17.1100,16.5100,16.7400,120300
2006-03-03,16.6600,16.9700,16.5100,16.7600,116800
2006-03-06,16.8100,16.8100,16.5000,16.6400,134900
2006-03-07,16.5900,16.6600,16.4000,16.4700,102400
2006-03-08,16.5000,16.6200,16.3700,16.4300,109300
2006-03-09,16.4300,16.5000,16.3400,16.3700,110900
2006-03-10,16.3900,16.6400,16.3300,16.6300,65200
2006-03-13,16.5501,16.8900,16.4400,16.4700,172400
2006-03-14,16.4700,16.7500,16.4100,16.7200,145700
2006-03-15,16.7700,17.0300,16.5300,17.0000,229900
2006-03-16,16.9000,17.0500,16.7100,16.7900,172400
2006-03-17,16.8700,17.1300,16.6600,16.9200,515000
2006-03-20,16.9600,16.9900,16.7500,16.9600,94600
2006-03-21,16.9000,17.0600,16.4700,16.5100,128200
2006-03-22,16.5000,16.9000,16.5000,16.8800,85400
2006-03-23,16.9000,16.9000,16.6000,16.8200,48200
2006-03-24,16.8200,16.9800,16.6700,16.9800,58900
2006-03-27,16.9400,16.9400,16.4600,16.6100,108000
2006-03-28,16.6000,16.6600,16.3900,16.4900,77700
2006-03-29,16.5800,17.1000,16.4500,17.0900,126600
2006-03-30,17.1300,17.1300,16.8300,16.9700,68000
2006-03-31,16.9900,17.1200,16.8600,17.1000,166100
2006-04-03,17.1000,17.1000,16.6200,16.6800,138000
2006-04-04,16.7100,16.9400,16.5400,16.7500,68200
2006-04-05,16.7500,16.7700,16.4000,16.7100,125100
2006-04-06,16.7100,16.7300,16.4500,16.6200,85500
2006-04-07,16.7300,16.8000,15.8600,16.1600,176300
2006-04-10,16.2000,16.2200,15.9700,16.1000,137800
2006-04-11,16.1500,16.2300,16.0000,16.1000,113500
2006-04-12,16.1300,16.2300,16.0300,16.2300,65400
2006-04-13,16.1800,16.4800,16.1000,16.4100,80000
2006-04-17,16.3800,16.6100,16.3600,16.6100,165900
2006-04-18,16.6900,17.1500,16.6200,17.1500,323700
2006-04-19,17.2000,17.2160,16.9500,17.1300,173100
2006-04-20,17.1000,17.1400,16.8600,16.9000,131500
2006-04-21,17.2500,17.2500,16.8000,17.0000,206200
2006-04-24,16.6000,16.6100,16.2800,16.3400,293100
2006-04-25,16.4400,16.4400,16.1300,16.3000,208300
2006-04-26,16.2800,16.4500,16.2000,16.3200,97600
2006-04-27,16.2500,16.7200,16.1500,16.3400,137700
2006-04-28,16.2500,16.4200,16.1900,16.3200,125100
2006-05-01,16.3600,16.4700,16.0000,16.1200,250500
2006-05-02,16.1100,16.2100,15.9900,16.2100,126300
2006-05-03,16.1600,16.4000,16.0600,16.3400,127200
2006-05-04,16.2800,16.5500,16.2500,16.5400,130700
2006-05-05,16.5100,16.7700,16.5100,16.7400,158800
2006-05-08,16.6400,16.6700,16.5100,16.5300,85600
2006-05-09,16.5000,16.6900,16.4800,16.6400,80700
2006-05-10,16.6400,16.7800,16.4400,16.5200,103700
2006-05-11,16.5600,16.5600,15.9300,15.9700,235900
2006-05-12,16.0000,16.1000,15.8900,15.9900,262100
2006-05-15,16.0000,16.2400,15.8500,16.1400,440700
2006-05-16,16.2300,16.2400,16.0500,16.1500,115800
2006-05-17,16.0200,16.3100,15.8300,16.2800,299800
2006-05-18,16.3800,16.3800,16.0300,16.0800,161000
2006-05-19,16.0400,16.4500,16.0100,16.3200,189700
2006-05-22,16.2000,16.5000,16.0300,16.3100,249300
2006-05-23,16.4200,16.4500,16.0100,16.0300,112400
2006-05-24,16.0500,16.3600,15.9200,16.2700,165100
2006-05-25,16.4000,16.4400,16.2000,16.4400,125900
2006-05-26,16.4200,16.4800,16.2300,16.3000,84900
2006-05-30,16.1800,16.2700,15.9200,15.9400,178500
2006-05-31,16.0500,16.2500,15.9700,16.2000,183100
2006-06-01,16.2400,16.5100,16.1200,16.5000,143900
2006-06-02,16.6300,16.6300,16.3400,16.4500,126000
2006-06-05,16.3600,16.4000,15.9200,15.9500,384700
2006-06-06,15.9500,16.0400,15.8700,15.9900,226000
2006-06-07,16.0000,16.1700,15.8900,15.9300,240700
2006-06-08,15.8800,16.1500,15.7700,16.0700,282300
2006-06-09,16.1000,16.1300,15.8400,15.9900,136200
2006-06-12,15.6800,15.9500,15.6300,15.7000,154100
2006-06-13,15.6500,16.0200,15.6100,15.7100,146300
2006-06-14,15.7600,15.8500,15.5900,15.7700,166400
2006-06-15,15.8700,16.1500,15.8600,16.0900,224900
2006-06-16,16.0600,16.0600,15.6300,15.7600,917200
2006-06-19,15.7800,15.7800,15.3100,15.3500,117100
2006-06-20,15.3100,15.4800,15.1200,15.2100,134300
2006-06-21,15.2300,15.4700,15.2300,15.4400,88800
2006-06-22,15.4100,15.4100,15.0700,15.2200,96000
2006-06-23,15.1200,15.1200,14.8200,14.8700,132500
2006-06-26,14.9000,15.0000,14.8400,15.0000,150200
2006-06-27,15.0000,15.0000,14.5100,14.5800,134600
2006-06-28,14.6200,14.7200,14.5000,14.6800,130200
2006-06-29,14.8000,15.3600,14.7900,15.3600,310600
2006-06-30,15.4000,15.7000,15.3000,15.6600,510600
2006-07-03,15.6400,15.9200,15.3800,15.4700,100400
2006-07-05,15.3100,15.3900,15.1500,15.2100,122900
2006-07-06,15.2400,15.3700,15.0100,15.0800,145800
2006-07-07,15.0000,15.0200,14.6600,14.6600,123300
2006-07-10,14.7500,14.8800,14.6700,14.7300,149000
2006-07-11,14.7100,14.8700,14.4700,14.8700,147500
2006-07-12,14.8100,14.8400,14.5000,14.5100,110700
2006-07-13,14.5700,14.5700,14.1700,14.2000,171000
2006-07-14,14.2100,14.3500,14.1200,14.1600,187600
2006-07-17,14.2400,14.4200,14.1200,14.3700,239500
2006-07-18,14.5000,14.7400,14.2500,14.6900,123300
2006-07-19,14.7500,15.3000,14.7300,15.1800,157100
2006-07-20,15.2500,15.2600,14.6100,14.6100,150700
2006-07-21,14.5200,14.6700,14.2300,14.4500,230800
2006-07-24,14.5000,14.7300,14.5000,14.6900,245500
2006-07-25,14.7400,14.9500,14.4600,14.6200,123600
2006-07-26,14.5400,14.9700,14.4700,14.8400,146300
2006-07-27,14.9200,14.9800,14.5700,14.6800,136200
2006-07-28,14.8000,15.2200,14.7500,15.0700,129300
2006-07-31,15.0100,15.0100,14.7000,14.8900,134900
2006-08-01,14.7500,14.7700,14.3200,14.3200,217600
2006-08-02,14.4300,14.5500,14.3600,14.4400,133200
2006-08-03,14.2900,14.7600,14.2800,14.7000,127700
2006-08-04,14.8600,14.9800,14.4760,14.7300,232900
2006-08-07,14.6200,14.6900,14.5000,14.5900,145600
2006-08-08,14.6700,14.8800,14.3200,14.3500,165600
2006-08-09,14.5100,14.6400,14.0900,14.1100,98300
2006-08-10,14.1000,14.5100,14.1000,14.3900,98600
2006-08-11,14.3200,14.4400,14.2700,14.3900,109400
2006-08-14,14.5300,14.7000,14.3400,14.3600,104700
2006-08-15,14.6600,14.8200,14.5800,14.8200,85900
2006-08-16,14.8900,14.9100,14.6400,14.8200,171000
2006-08-17,14.8200,14.8700,14.5900,14.5900,209000
2006-08-18,14.6400,14.6400,14.3900,14.6000,78200
2006-08-21,14.4300,14.5400,14.3900,14.4900,73500
2006-08-22,14.3600,14.5600,14.3600,14.5400,81100
2006-08-23,14.5900,14.7000,14.2600,14.3900,113100
2006-08-24,14.4000,14.6200,14.3100,14.4300,113700
2006-08-25,14.3500,14.5300,14.3500,14.4400,44800
2006-08-28,14.5000,14.6800,14.4500,14.6800,120300
2006-08-29,14.6200,14.7500,14.4800,14.6900,131600
2006-08-30,14.7200,14.9500,14.6800,14.7800,154700
2006-08-31,14.8900,14.9920,14.7800,14.9400,120300
2006-09-01,14.9900,15.1500,14.8924,14.9500,116600
2006-09-05,15.0100,15.1300,14.9600,15.0500,114100
2006-09-06,14.9500,15.0000,14.7700,14.7700,137800
2006-09-07,14.6800,14.7600,14.3902,14.4100,126200
2006-09-08,14.4100,14.5100,14.3500,14.4700,104500
2006-09-11,14.3500,14.4700,14.2700,14.3400,60700
2006-09-12,14.4100,14.6700,14.2700,14.6700,97100
2006-09-13,14.7100,14.8000,14.5800,14.7900,102100
2006-09-14,14.7100,14.7800,14.6000,14.7500,68400
2006-09-15,14.8400,14.8620,14.6500,14.8500,384400
2006-09-18,14.7600,14.8600,14.6100,14.7400,100400
2006-09-19,14.7200,14.7700,14.3600,14.6000,130900
2006-09-20,14.7500,15.1000,14.7050,14.9000,141400
2006-09-21,14.9900,15.1000,14.6400,14.7900,92800
2006-09-22,14.7100,14.8600,14.4200,14.6000,135400
2006-09-25,14.6000,15.0720,14.5400,14.9600,127300
2006-09-26,14.9100,15.1300,14.8800,14.9700,103200
2006-09-27,14.9600,15.1400,14.9200,15.0600,75500
2006-09-28,15.0600,15.2000,14.9600,15.1500,143800
2006-09-29,15.2000,15.2000,14.7400,14.7700,101600
2006-10-02,14.7300,14.7600,14.2800,14.3200,225700
2006-10-03,14.3300,14.6700,14.3100,14.3300,147000
2006-10-04,14.3300,14.7900,14.3200,14.5500,240600
2006-10-05,14.5000,14.7800,14.4800,14.7400,145200
2006-10-06,14.6600,14.6900,14.4800,14.5300,80400
2006-10-09,14.4800,14.8300,14.4800,14.8100,172000
2006-10-10,14.8000,14.8000,14.5300,14.6200,93300
2006-10-11,14.6000,14.6900,14.3900,14.5000,231600
2006-10-12,14.6000,15.0000,14.6000,15.0000,133900
2006-10-13,14.9700,15.2200,14.8836,15.2000,156300
2006-10-16,15.2200,15.2400,14.9800,15.1100,128900
2006-10-17,15.0800,15.0800,14.8600,14.9000,105300
2006-10-18,15.0400,15.1500,14.9000,14.9700,101200
2006-10-19,15.0000,15.1600,14.9000,15.0600,161900
2006-10-20,15.1400,15.1400,14.4000,14.4700,282900
2006-10-23,14.4600,14.6046,14.3800,14.5000,112700
2006-10-24,14.4900,14.4900,14.3700,14.4400,73900
2006-10-25,14.4800,14.6200,14.3700,14.5200,119100
2006-10-26,14.5500,14.8720,14.4400,14.8600,96800
2006-10-27,14.9000,14.9000,14.7500,14.8300,123600
2006-10-30,14.7900,14.7900,14.5900,14.7600,148100
2006-10-31,14.8200,14.8200,14.4100,14.5300,140100
2006-11-01,14.5900,14.6100,14.0700,14.1100,169700
2006-11-02,14.1200,14.3700,14.0600,14.1600,219500
2006-11-03,14.1800,14.3600,14.1200,14.3100,101400
2006-11-06,14.3600,14.5300,14.2300,14.4500,168900
2006-11-07,14.4500,14.9500,14.4100,14.7900,229600
2006-11-08,14.6900,14.9600,14.6900,14.8200,81500
2006-11-09,14.8400,14.8400,14.3400,14.4600,143500
2006-11-10,14.4400,14.7900,14.4400,14.7900,75700
2006-11-13,14.7500,15.0300,14.7300,14.8200,142100
2006-11-14,14.8200,15.1100,14.7600,15.0800,133700
2006-11-15,15.0600,15.4200,15.0400,15.4200,192800
2006-11-16,15.4300,15.5700,15.3100,15.5400,85500
2006-11-17,15.5400,15.5400,15.2100,15.2400,125100
2006-11-20,14.8400,15.4600,14.8400,15.4300,121000
2006-11-21,15.4700,15.4700,15.2400,15.2800,76400
2006-11-22,15.2800,15.3000,15.1000,15.1000,50700
2006-11-24,14.9700,15.0800,14.9100,15.0000,48900
2006-11-27,14.9000,14.9500,14.5800,14.5900,189600
2006-11-28,14.5800,14.6400,14.4400,14.5900,182000
2006-11-29,14.6500,14.7500,14.5600,14.6500,142500
2006-11-30,14.6600,14.6600,14.4400,14.5000,202500
2006-12-01,14.5000,14.5700,14.1300,14.3400,478000
2006-12-04,14.3400,14.6900,14.3400,14.6800,267600
2006-12-05,14.7000,14.7300,14.4500,14.5500,105200
2006-12-06,14.4900,14.5500,14.4000,14.4900,113900
2006-12-07,14.4700,14.4800,14.3100,14.3100,63500
2006-12-08,14.3100,14.3300,14.1300,14.1700,140500
2006-12-11,14.2100,14.2300,14.1500,14.1800,104600
2006-12-12,14.1800,14.2200,14.1100,14.1100,180000
2006-12-13,14.2100,14.6400,14.1700,14.6400,262500
2006-12-14,14.6900,15.0200,14.6500,14.8100,127600
2006-12-15,14.8100,15.0400,14.6700,14.6900,383900
2006-12-18,14.7100,14.8600,14.4500,14.5800,120700
2006-12-19,14.4700,14.6000,14.2900,14.5800,99800
2006-12-20,14.6300,14.7500,14.4800,14.5000,82300
2006-12-21,14.5400,14.6900,14.4700,14.5800,118400
2006-12-22,14.6100,14.6100,14.4800,14.5200,119300
2006-12-26,14.6200,14.9800,14.6000,14.9700,145600
2006-12-27,14.9800,15.2000,14.9200,15.2000,146000
2006-12-28,15.2200,15.2200,14.7700,14.8000,1338200
2006-12-29,14.7700,14.8400,14.4200,14.4600,598100
2007-01-03,13.2600,13.7600,13.2600,13.4700,373200
2007-01-04,13.4600,13.5100,13.2300,13.3800,285700
2007-01-05,13.2900,13.3700,13.0940,13.2000,320700
2007-01-08,13.2300,13.2300,12.9100,13.0600,222800
2007-01-09,13.0400,13.1200,12.8200,13.0400,233100
2007-01-10,13.0700,13.1700,12.9000,13.0600,204500
2007-01-11,13.2000,13.2100,13.0000,13.1000,183500
2007-01-12,13.0600,13.2400,13.0200,13.1500,131900
2007-01-16,13.1400,13.2100,12.7900,12.8200,309500
2007-01-17,12.8400,12.8400,12.6900,12.7200,158100
2007-01-18,12.6900,12.7500,12.3800,12.4400,257900
2007-01-19,12.4500,12.6100,12.1500,12.3600,365600
2007-01-22,12.3100,12.4100,12.0100,12.2000,318000
2007-01-23,12.2000,12.2200,12.0400,12.2100,281200
2007-01-24,12.2100,12.5100,12.2100,12.4800,527900
2007-01-25,12.4900,12.5000,12.1600,12.3200,283300
2007-01-26,12.3900,12.5000,12.2800,12.4400,289600
2007-01-29,12.4000,12.4500,12.3600,12.4500,327700
2007-01-30,12.4800,12.5400,12.2800,12.5400,265700
2007-01-31,12.5000,12.5800,12.3700,12.5000,338500
2007-02-01,12.5600,12.5700,12.3800,12.4800,297100
2007-02-02,12.5200,12.7300,12.4500,12.6500,268800
2007-02-05,12.5500,12.5600,12.3500,12.4100,317300
2007-02-06,12.4400,12.5600,12.3500,12.5300,302200
2007-02-07,12.4300,12.5700,12.3500,12.5100,197100
2007-02-08,12.5200,12.5400,12.4400,12.5200,205600
2007-02-09,12.4700,12.4800,12.3900,12.4600,312500
2007-02-12,12.4800,12.5400,12.4000,12.5100,172800
2007-02-13,12.5500,12.5500,12.4300,12.5000,250100
2007-02-14,12.4500,12.7400,12.4500,12.6800,256300
2007-02-15,12.6800,12.7100,12.5000,12.5200,120300
2007-02-16,12.5200,12.6400,12.4800,12.5800,145300
2007-02-20,12.5100,12.7600,12.4500,12.6800,172300
2007-02-21,12.5800,12.6800,12.5300,12.6400,114900
2007-02-22,12.6300,12.6900,12.5000,12.6900,158100
2007-02-23,12.6300,12.7100,12.4500,12.5200,131500
2007-02-26,12.5600,12.6000,12.4000,12.5800,227000
2007-02-27,12.5000,12.5500,12.2600,12.3100,363200
2007-02-28,12.3500,12.5200,12.2100,12.2700,348400
2007-03-01,12.2000,12.4400,12.1000,12.2100,299900
2007-03-02,12.1200,12.3000,11.9700,11.9900,329500
2007-03-05,11.9500,12.1600,11.5900,11.6199,434100
2007-03-06,11.7200,12.1500,11.7200,12.1000,308400
2007-03-07,12.0700,12.0900,11.8700,11.9100,191700
2007-03-08,12.0300,12.2500,11.9500,11.9700,227100
2007-03-09,12.0900,12.1200,11.9000,12.0300,190800
2007-03-12,11.9900,12.0900,11.9600,12.0300,178500
2007-03-13,11.9500,11.9600,11.3800,11.4200,429700
2007-03-14,11.3800,11.7300,11.3600,11.6900,249700
2007-03-15,11.7100,11.8800,11.6900,11.8700,226900
2007-03-16,11.8500,11.8900,11.7100,11.7600,528700
2007-03-19,11.8600,11.9300,11.7400,11.7900,194100
2007-03-20,11.7600,11.8800,11.7300,11.8600,114900
2007-03-21,11.7900,12.2800,11.7900,12.2600,226800
2007-03-22,12.3200,12.3400,12.0400,12.1200,157200
2007-03-23,12.0900,12.1800,12.0600,12.1200,94600
2007-03-26,12.1000,12.2200,11.9400,12.0900,107500
2007-03-27,12.0300,12.0500,11.9700,11.9800,148100
2007-03-28,11.9200,12.0400,11.8000,12.0000,218300
2007-03-29,12.0400,12.1600,11.8700,12.0900,210500
2007-03-30,12.0200,12.1200,11.8000,11.9000,254700
2007-04-02,11.9700,11.9700,11.7500,11.8700,223600
2007-04-03,11.8900,11.9700,11.8000,11.9400,256800
2007-04-04,11.9600,12.0000,11.8200,11.8900,253100
2007-04-05,11.8800,12.0300,11.8500,12.0000,250700
2007-04-09,11.9900,11.9900,11.8600,11.9000,198800
2007-04-10,11.8500,11.9900,11.8500,11.9600,194100
2007-04-11,11.9300,11.9500,11.8100,11.8800,247800
2007-04-12,11.8000,11.9900,11.7300,11.9900,336500
2007-04-13,11.9700,12.1900,11.9300,12.0700,568900
2007-04-16,12.1100,12.4300,12.0900,12.3200,207800
2007-04-17,12.4000,12.4200,12.2100,12.4000,357400
2007-04-18,12.4000,12.5000,12.3500,12.3700,298300
2007-04-19,12.2000,12.3100,12.0000,12.1600,305700
2007-04-20,12.6400,12.6400,12.2200,12.2700,293600
2007-04-23,12.2000,12.2600,11.9700,12.0500,358500
2007-04-24,12.0400,12.1000,11.9200,12.0200,316200
2007-04-25,12.0500,12.0900,11.9500,12.0450,342200
2007-04-26,12.0100,12.2300,11.9900,12.1600,278700
2007-04-27,12.1000,12.1200,12.0300,12.0500,278800
2007-04-30,12.0400,12.0500,11.8000,11.8700,398000
2007-05-01,11.8600,11.8800,11.6800,11.8200,333300
2007-05-02,11.8000,12.0900,11.7800,12.0600,324500
2007-05-03,12.0200,12.0600,12.0000,12.0300,249300
2007-05-04,12.0800,12.3100,12.0100,12.1600,277300
2007-05-07,12.1700,12.2400,12.0900,12.1300,189600
2007-05-08,12.0600,12.1200,11.9800,12.1100,278700
2007-05-09,12.0300,12.2000,12.0000,12.1100,190900
2007-05-10,12.0600,12.0700,11.9100,11.9500,326300
2007-05-11,11.9800,12.1300,11.9500,12.0400,158300
2007-05-14,12.0100,12.0300,11.9000,11.9400,328500
2007-05-15,11.9100,12.0000,11.7200,11.7300,294800
2007-05-16,11.7400,11.9800,11.6500,11.8600,269500
2007-05-17,11.8100,11.8600,11.6000,11.6000,194700
2007-05-18,11.6500,11.6500,11.4200,11.5900,197500
2007-05-21,11.5000,11.7700,11.4500,11.6900,203000
2007-05-22,11.6500,11.8100,11.5900,11.7700,196500
2007-05-23,11.8000,11.9100,11.6600,11.7200,241600
2007-05-24,11.6700,11.8200,11.4400,11.5100,324900
2007-05-25,11.5800,11.5800,11.3900,11.5400,278800
2007-05-29,11.5000,11.5900,11.4400,11.5000,196700
2007-05-30,11.4000,11.4900,11.3200,11.4600,244400
2007-05-31,11.4500,11.5600,11.3080,11.4200,282600
2007-06-01,11.5000,11.5400,11.4100,11.5200,173600
2007-06-04,11.4600,11.5200,11.3800,11.4200,195400
2007-06-05,11.3500,11.5600,11.0600,11.2400,250300
2007-06-06,11.1400,11.1700,11.0500,11.0900,160600
2007-06-07,11.0900,11.1300,10.7800,10.8300,324900
2007-06-08,10.8500,11.1900,10.8500,11.1600,276800
2007-06-11,11.1100,11.1700,10.9300,11.0500,176600
2007-06-12,11.0000,11.0200,10.7700,10.8100,313000
2007-06-13,10.8800,11.0000,10.6900,10.8900,183100
2007-06-14,10.8700,10.9000,10.7000,10.7100,159700
2007-06-15,10.9000,11.1600,10.7500,11.1600,526400
2007-06-18,11.1600,11.1600,11.0000,11.1600,349100
2007-06-19,11.0900,11.1700,11.0500,11.1000,151700
2007-06-20,11.1000,11.1300,11.0000,11.0500,242400
2007-06-21,10.9900,11.0600,10.9740,11.0100,337100
2007-06-22,10.9600,11.0200,10.7100,10.9700,1857000
2007-06-25,10.9400,11.2050,10.8500,10.9700,453300
2007-06-26,11.0000,11.1300,10.9500,11.0100,288300
2007-06-27,10.9500,11.2400,10.9100,11.2200,332700
2007-06-28,11.2400,11.5000,11.0500,11.2900,289400
2007-06-29,11.3500,11.4294,11.1000,11.1200,396500
2007-07-02,11.1900,11.1900,11.0500,11.1100,202400
2007-07-03,11.1400,11.1900,11.0100,11.1900,96400
2007-07-05,11.1900,11.4600,11.0000,11.1000,146100
2007-07-06,11.1000,11.1200,11.0000,11.0900,110200
2007-07-09,11.0900,11.0900,10.8800,10.9000,260900
2007-07-10,10.8600,10.8600,10.4500,10.5000,399200
2007-07-11,10.4800,10.5600,10.3600,10.4800,392700
2007-07-12,10.4600,10.7300,10.4400,10.7100,426900
2007-07-13,10.6700,10.7300,10.5200,10.5800,204600
2007-07-16,10.5200,10.7200,10.5100,10.5800,531100
2007-07-17,10.6500,10.7200,10.5500,10.5700,282900
2007-07-18,10.5700,10.6400,10.0000,10.2200,639600
2007-07-19,10.2000,10.4100,9.9800,10.1300,459900
2007-07-20,10.1100,10.1800,9.9000,10.0300,833700
2007-07-23,10.0500,10.1900,9.9800,10.0100,530900
2007-07-24,9.9600,10.0500,9.8600,9.9600,811300
2007-07-25,10.0100,10.0600,9.7500,9.9000,875300
2007-07-26,9.7500,9.8900,9.5900,9.7500,653700
2007-07-27,9.7000,9.8900,9.6700,9.7300,635700
2007-07-30,9.7000,10.0300,9.6500,9.9700,653400
2007-07-31,10.0600,10.1199,9.7600,9.7900,497700
2007-08-01,9.7800,10.0200,9.6800,9.8800,756600
2007-08-02,9.9000,10.1300,9.7900,9.9500,630500
2007-08-03,9.9700,10.0500,9.4900,9.5100,622800
2007-08-06,9.5600,10.1400,9.4600,10.1000,653000
2007-08-07,10.0300,10.9650,9.9500,10.7000,899600
2007-08-08,10.7600,12.2800,10.7600,12.0200,1326700
2007-08-09,11.7500,12.7500,11.5000,11.9000,1265700
2007-08-10,11.6600,11.8600,11.0000,11.2100,897000
2007-08-13,11.3700,11.3800,10.2700,10.5100,485600
2007-08-14,10.4800,10.6500,10.3600,10.4000,196200
2007-08-15,10.4100,11.0000,10.3500,10.4300,306300
2007-08-16,10.4200,11.4500,10.4200,11.3400,1212700
2007-08-17,11.7500,12.4300,11.7400,12.2500,780700
2007-08-20,12.3300,12.4000,11.6200,11.7600,446300
2007-08-21,11.7100,12.3100,11.7100,12.0700,289300
2007-08-22,12.2000,12.4300,11.7700,12.0800,320700
2007-08-23,12.1600,12.2000,11.3600,11.5600,349100
2007-08-24,11.5400,11.9000,11.0300,11.7600,328300
2007-08-27,11.7500,11.8500,11.5600,11.6600,251300
2007-08-28,11.6600,11.7400,11.5000,11.6000,352700
2007-08-29,11.6500,11.9100,11.5700,11.8700,400900
2007-08-30,11.7800,12.0200,11.6100,11.7600,338600
2007-08-31,11.9900,12.1700,11.8500,11.9100,302900
2007-09-04,11.9100,12.5000,11.8700,12.3700,393600
2007-09-05,12.3500,12.3900,11.9200,12.0700,476000
2007-09-06,12.1000,12.4400,12.0400,12.3200,309300
2007-09-07,12.1400,12.2000,11.9400,12.0200,312300
2007-09-10,12.0700,12.1700,11.7000,11.9800,260300
2007-09-11,12.0900,12.0900,11.8800,11.9600,216600
2007-09-12,11.8700,11.8700,11.4000,11.6100,249300
2007-09-13,11.6900,11.9700,11.5600,11.7400,144000
2007-09-14,11.6100,11.8200,11.4700,11.7900,190800
2007-09-17,11.8000,11.8337,11.5800,11.6600,544900
2007-09-18,11.7000,12.5900,11.6000,12.5700,351900
2007-09-19,12.5900,13.0000,12.4500,12.7100,475800
2007-09-20,12.6500,12.7800,12.2800,12.6600,271800
2007-09-21,12.7800,12.8300,12.3800,12.4300,473300
2007-09-24,12.3900,12.4400,11.8900,11.9500,306900
2007-09-25,12.3800,12.4700,11.6200,11.7500,316000
2007-09-26,11.8500,12.2000,11.7800,11.8800,365300
2007-09-27,11.9100,12.1300,11.8500,11.8900,164400
2007-09-28,11.8500,11.9600,11.5800,11.7000,323000
2007-10-01,11.6700,11.9400,11.5500,11.8600,408500
2007-10-02,11.8600,11.9100,11.7200,11.7300,339100
2007-10-03,11.6400,11.7300,11.3500,11.4400,362700
2007-10-04,11.5400,11.7800,11.4600,11.7700,192400
2007-10-05,11.8800,12.0100,11.6800,11.9100,214800
2007-10-08,11.8600,12.0200,11.7700,11.8500,175000
2007-10-09,11.8800,11.9700,11.7300,11.9700,112900
2007-10-10,11.9700,12.0000,11.7400,11.8700,173600
2007-10-11,11.9300,12.0300,11.6100,11.8800,338100
2007-10-12,11.8700,11.9500,11.7700,11.8800,195100
2007-10-15,11.9400,11.9400,11.5000,11.6600,341900
2007-10-16,11.6500,11.6700,10.9800,11.0800,332100
2007-10-17,11.3000,11.3000,10.6300,10.8800,336100
2007-10-18,11.1700,11.1700,10.3600,11.1700,406200
2007-10-19,11.1700,11.3000,11.0100,11.0700,571700
2007-10-22,10.9800,11.5000,10.8000,11.4700,644900
2007-10-23,11.6100,11.6100,11.2400,11.5700,375500
2007-10-24,11.5600,11.5700,11.0200,11.2300,512500
2007-10-25,11.2900,11.4100,11.1500,11.2300,519400
2007-10-26,11.4300,11.7500,11.3500,11.5900,490300
2007-10-29,11.6100,11.8500,11.4600,11.6700,248500
2007-10-30,11.6200,11.6500,11.2200,11.5400,263200
2007-10-31,11.6300,11.9800,11.3100,11.7200,368300
2007-11-01,11.5100,11.6700,10.5900,10.6200,420900
2007-11-02,10.8000,10.8400,10.0500,10.1300,971200
2007-11-05,10.0500,10.3200,10.0000,10.2300,482900
2007-11-06,10.3000,10.5900,10.0400,10.5700,551100
2007-11-07,10.4200,10.4500,9.9700,9.9800,479300
2007-11-08,10.0900,10.7500,9.9600,10.6600,671500
2007-11-09,10.5000,11.1700,10.3300,11.0000,603200
2007-11-12,11.0100,11.3200,10.8300,10.8800,618000
2007-11-13,11.0000,11.6000,10.9700,11.5600,343600
2007-11-14,11.4700,11.7400,11.2400,11.3800,331200
2007-11-15,11.3000,11.4700,10.8300,10.9400,760600
2007-11-16,10.9800,11.2700,10.7200,11.0000,542700
2007-11-19,10.8600,10.8600,10.2600,10.3500,569900
2007-11-20,10.3300,10.4800,10.0500,10.4000,593900
2007-11-21,10.3700,10.7900,10.2300,10.6000,489100
2007-11-23,10.7100,11.2200,10.5500,10.9700,185000
2007-11-26,11.0000,11.0000,10.0900,10.1100,719100
2007-11-27,10.1600,10.7100,10.1600,10.5900,446000
2007-11-28,10.7800,11.3300,10.5800,11.2300,841000
2007-11-29,11.1800,11.2400,10.7700,11.0000,409700
2007-11-30,11.1800,11.6300,11.0200,11.1200,609000
2007-12-03,11.0900,11.2500,10.8500,10.9800,337800
2007-12-04,10.8600,10.9900,10.6100,10.8300,309600
2007-12-05,11.0000,11.2300,10.8000,11.1800,301200
2007-12-06,11.1400,11.9200,10.9800,11.9200,563400
2007-12-07,11.9300,11.9300,11.4800,11.5300,302300
2007-12-10,11.6000,11.9500,11.6000,11.7500,317800
2007-12-11,11.8300,12.0900,11.0900,11.1000,545100
2007-12-12,11.4300,11.9000,10.8800,11.0300,412400
2007-12-13,10.9100,11.0700,10.5300,10.8700,521900
2007-12-14,10.6800,10.7700,10.1800,10.1800,615400
2007-12-17,10.2000,10.4200,10.0500,10.1300,534400
2007-12-18,10.2800,10.8200,10.1500,10.7400,531300
2007-12-19,10.6800,10.8400,10.3900,10.5200,357100
2007-12-20,10.6500,10.7300,10.2900,10.7200,386600
2007-12-21,11.0100,11.0100,10.5600,10.9800,847000
2007-12-24,11.0700,11.2700,10.8600,11.0600,194400
2007-12-26,10.9200,11.1400,10.8100,11.0400,339600
2007-12-27,11.0300,11.0300,10.4600,10.5000,298700
2007-12-28,10.6800,10.7800,10.2500,10.2500,191300
2007-12-31,10.2400,10.4700,10.1000,10.3400,308600
2008-01-02,10.2200,10.3600,9.8000,9.8400,822400
2008-01-03,9.9300,9.9900,9.7800,9.8000,949500
2008-01-04,9.7200,9.7500,9.4300,9.6400,983500
2008-01-07,9.7100,10.3600,9.6500,10.1400,920800
2008-01-08,10.1900,10.2800,9.4200,9.4500,1032300
2008-01-09,9.4200,9.6600,9.0400,9.6400,922900
2008-01-10,9.4900,9.9500,9.1600,9.6300,922700
2008-01-11,9.5500,9.7400,9.2900,9.3300,824400
2008-01-14,9.2600,9.3300,9.0300,9.1100,553600
2008-01-15,9.0000,9.2000,8.7100,9.0000,903100
2008-01-16,8.8500,9.4200,8.7500,9.1200,711500
2008-01-17,9.3100,9.3700,9.0000,9.0600,520600
2008-01-18,8.7100,9.4500,8.7100,9.0600,992100
2008-01-22,8.6800,9.8000,8.5000,9.4100,999400
2008-01-23,9.1700,10.7400,8.9900,10.7000,1869800
2008-01-24,10.7000,11.4000,10.4400,11.0900,1869500
2008-01-25,11.2700,11.3600,10.4000,10.4900,724200
2008-01-28,10.4300,10.9700,10.0900,10.7800,674000
2008-01-29,10.8700,11.0500,10.3800,10.9100,538600
2008-01-30,10.8100,11.2500,10.7500,10.7700,710400
2008-01-31,10.5500,11.2400,10.1100,11.1500,872500
2008-02-01,11.1700,11.4500,10.9100,11.2000,597800
2008-02-04,11.1500,11.1900,10.6400,10.7800,568100
2008-02-05,10.5900,10.9400,10.1600,10.2000,602600
2008-02-06,10.3000,10.5700,9.9200,10.0800,458800
2008-02-07,10.0300,10.7400,9.9400,10.4300,567800
2008-02-08,10.4000,10.6799,9.9000,10.3100,1118700
2008-02-11,10.2700,10.4900,10.0400,10.1600,647600
2008-02-12,10.3800,10.6200,10.2300,10.3900,602100
2008-02-13,10.5300,10.5900,10.1100,10.5100,668100
2008-02-14,10.5500,10.5900,10.0100,10.0400,720000
2008-02-15,10.4500,10.4900,9.9300,10.0700,988400
2008-02-19,10.2500,10.3100,9.9300,10.0000,576200
2008-02-20,9.9100,10.4900,9.9100,10.3400,476900
2008-02-21,10.2300,10.4100,9.7900,9.8200,549200
2008-02-22,9.8500,10.1000,9.4400,9.8800,818300
2008-02-25,9.8600,10.1600,9.6900,10.1100,577700
2008-02-26,10.0200,10.3400,10.0200,10.1000,537100
2008-02-27,9.9800,10.2600,9.9300,10.1600,682700
2008-02-28,10.0600,10.0600,9.5300,9.6000,759100
2008-02-29,9.5100,9.6000,9.1100,9.1900,695900
2008-03-03,9.2000,9.3700,8.9300,9.1400,499900
2008-03-04,9.0200,9.1200,8.7500,8.9700,803800
2008-03-05,9.0400,9.1900,8.8600,8.9400,570600
2008-03-06,8.8800,8.9100,8.4500,8.4500,453200
2008-03-07,8.4000,9.0300,8.4000,8.8700,686500
2008-03-10,8.9000,9.0600,8.6800,8.7900,602300
2008-03-11,9.0900,9.6200,8.9900,9.6200,1567900
2008-03-12,9.6300,10.0700,9.2500,9.2600,1220900
2008-03-13,9.1000,9.6500,8.8600,9.5100,971400
2008-03-14,9.6100,9.7600,9.1800,9.3200,1266900
2008-03-17,9.0700,9.8700,8.9600,9.6600,909000
2008-03-18,9.9100,10.2500,9.6000,10.1100,890300
2008-03-19,10.2000,10.4900,9.9700,10.2000,1190300
2008-03-20,10.3700,10.8700,10.2100,10.8400,1770800
2008-03-24,10.7000,11.4000,10.6100,10.9400,876400
2008-03-25,10.9100,11.1000,10.5500,11.0400,457900
2008-03-26,11.1000,11.1700,10.6000,10.7900,359700
2008-03-27,10.8200,10.8900,10.4100,10.5200,534300
2008-03-28,10.5100,10.5700,10.1800,10.1800,352200
2008-03-31,10.1900,10.8200,10.1900,10.4100,789200
2008-04-01,10.6300,11.1000,10.6300,10.9200,695400
2008-04-02,10.9400,11.0000,10.6400,10.8100,406700
2008-04-03,10.6900,10.8700,10.5500,10.6700,393800
2008-04-04,10.7300,10.7300,10.3600,10.4200,339500
2008-04-07,10.5100,10.6600,10.2700,10.4400,290600
2008-04-08,10.3400,10.4100,10.1400,10.3200,645700
2008-04-09,10.3500,10.4500,9.8300,9.9000,686100
2008-04-10,9.9200,10.3100,9.7700,10.0500,658800
2008-04-11,9.9100,10.1300,9.7800,9.8000,513400
2008-04-14,9.7800,9.7900,9.4500,9.4900,381900
2008-04-15,9.6000,9.8900,9.5300,9.7700,461900
2008-04-16,9.9900,10.0575,9.6500,9.8000,932000
2008-04-17,9.8800,10.3700,9.6000,10.2900,1291700
2008-04-18,10.5500,11.2500,10.4900,10.9500,1439100
2008-04-21,11.0500,11.0700,10.1000,10.7200,1046200
2008-04-22,10.7800,10.8600,10.3500,10.7200,851600
2008-04-23,10.7900,10.9100,10.2700,10.4900,786200
2008-04-24,10.4900,11.3500,10.4000,11.2400,1010500
2008-04-25,11.3100,11.4600,11.0500,11.3500,611400
2008-04-28,11.3800,11.8300,11.2800,11.6800,1072600
2008-04-29,11.7500,11.8800,11.5100,11.5600,1078100
2008-04-30,11.6200,11.7200,11.4100,11.4800,582500
2008-05-01,11.4500,12.1100,11.4500,12.1000,1013100
2008-05-02,12.2200,12.6200,11.9200,12.0100,890900
2008-05-05,11.9900,12.3800,11.8200,11.8700,763500
2008-05-06,11.8000,11.8000,11.3000,11.3300,1571700
2008-05-07,11.3500,11.4900,10.8100,10.8500,778800
2008-05-08,10.9200,11.1100,10.5300,10.6600,586100
2008-05-09,10.5500,11.2300,10.4000,10.5800,488800
2008-05-12,10.6200,10.9100,10.5700,10.7500,656900
2008-05-13,10.7900,10.8400,10.4800,10.6600,488100
2008-05-14,10.6600,10.7500,10.5500,10.6600,594100
2008-05-15,10.6500,10.6500,10.3700,10.6000,761500
2008-05-16,10.6700,10.6700,10.2700,10.4400,538500
2008-05-19,10.4200,10.5900,10.2500,10.3500,739400
2008-05-20,10.3000,10.3300,10.1200,10.3000,563600
2008-05-21,10.3500,10.4900,9.9500,10.1600,910100
2008-05-22,10.2000,10.5000,10.0000,10.2800,678500
2008-05-23,10.2000,10.3400,10.0000,10.1900,581300
2008-05-27,10.2200,10.4400,10.1100,10.3700,457200
2008-05-28,10.4200,10.4801,10.2400,10.4500,853600
2008-05-29,10.4000,11.0900,10.4000,10.8200,1016600
2008-05-30,10.8400,10.8400,10.5200,10.6000,454200
2008-06-02,10.5500,10.6900,10.3800,10.6800,699800
2008-06-03,10.7100,10.7500,10.4100,10.7400,1246800
2008-06-04,10.6800,10.7900,10.3800,10.4700,800100
2008-06-05,11.0800,12.0000,11.0800,11.5000,2964300
2008-06-06,11.4000,11.4000,10.7500,10.9000,1223500
2008-06-09,10.9500,11.0400,10.3700,10.6900,768000
2008-06-10,10.5900,11.0500,10.5200,10.8300,877400
2008-06-11,10.7800,10.9200,10.4500,10.4700,1581600
2008-06-12,10.5000,10.9600,10.2550,10.3300,1352400
2008-06-13,10.4200,10.6900,9.7800,10.1100,2373300
2008-06-16,10.0300,10.3500,9.8100,10.1500,1340300
2008-06-17,10.2000,10.4500,9.7700,9.8800,1008700
2008-06-18,9.7900,9.8500,9.2100,9.4600,1746000
2008-06-19,9.4700,9.8600,9.1800,9.8600,1850700
2008-06-20,9.9900,10.3300,9.5500,9.9700,2082200
2008-06-23,10.0700,10.2300,9.5300,9.5700,1114400
2008-06-24,9.4800,9.9800,9.3900,9.8500,979100
2008-06-25,9.8700,10.4600,9.7500,9.8800,1399700
2008-06-26,9.7500,10.0900,9.7400,9.9600,1180600
2008-06-27,9.9000,10.0800,9.6550,9.9200,1939500
2008-06-30,9.9100,9.9300,9.3900,9.4400,1105600
2008-07-01,9.3500,9.9400,9.2400,9.6100,1138200
2008-07-02,9.5700,9.8600,9.0600,9.1100,1385200
2008-07-03,9.1300,9.4000,8.6400,8.6400,700100
2008-07-07,8.7300,8.8600,8.0000,8.4000,1436300
2008-07-08,8.4100,9.2000,8.1500,9.1600,1476700
2008-07-09,9.1800,9.3500,8.5900,8.6200,1046500
2008-07-10,8.6000,8.8800,8.3700,8.6100,1744500
2008-07-11,8.5200,8.7700,8.2000,8.6700,1544900
2008-07-14,8.5200,9.4700,7.8400,7.8900,1575500
2008-07-15,7.7800,8.0900,7.1200,7.6500,2156300
2008-07-16,8.0900,8.7900,7.6500,8.7300,1366700
2008-07-17,9.1500,11.0700,9.1500,10.4800,3073200
2008-07-18,10.4900,10.6300,10.0700,10.6000,2209600
2008-07-21,10.6400,10.9900,10.2100,10.2300,1116600
2008-07-22,10.1900,11.2000,9.6800,11.1900,2008700
2008-07-23,11.1500,11.8700,11.1000,11.2400,2231300
2008-07-24,11.2200,11.4400,10.5500,10.7000,1399300
2008-07-25,10.8800,11.2000,10.4500,10.7900,1080400
2008-07-28,10.7200,10.9200,10.0600,10.2500,827500
2008-07-29,10.2000,11.2000,10.0500,11.1500,1299700
2008-07-30,11.1800,11.5000,10.9700,11.4700,1588100
2008-07-31,11.1300,11.5000,11.1300,11.3200,869200
2008-08-01,11.4900,11.6100,11.1700,11.4900,762600
2008-08-04,11.0900,11.6400,10.9700,11.3500,798600
2008-08-05,11.5500,11.6800,11.2500,11.6200,866200
2008-08-06,11.4800,11.6700,11.0800,11.5900,672800
2008-08-07,11.3400,11.8000,10.9100,11.1900,948300
2008-08-08,11.1500,11.5500,11.0000,11.4600,709200
2008-08-11,11.4900,11.8900,11.2400,11.8400,962900
2008-08-12,11.7200,11.9000,11.4000,11.7300,1093600
2008-08-13,11.6400,11.6400,10.8100,11.1000,1065600
2008-08-14,10.9200,11.4100,10.6200,11.3700,616600
2008-08-15,11.6000,12.4000,11.4600,11.8100,1414200
2008-08-18,11.8200,11.9300,11.1000,11.2200,565500
2008-08-19,11.0600,11.1700,10.6500,10.9300,737300
2008-08-20,10.9800,11.1600,10.4500,10.8000,629700
2008-08-21,10.6200,10.9000,10.5600,10.6500,507000
2008-08-22,10.6400,10.9800,10.5600,10.8400,825000
2008-08-25,10.7100,10.8400,10.4000,10.5000,520300
2008-08-26,10.4700,10.5000,9.9000,10.2000,910600
2008-08-27,10.1700,10.3600,9.9200,10.3200,894900
2008-08-28,10.3800,10.9500,10.3100,10.9200,624400
2008-08-29,10.8000,10.9600,10.6800,10.7500,451000
2008-09-02,11.0100,11.3400,10.6700,10.8100,1020300
2008-09-03,10.7800,11.2900,10.6500,11.1200,1675600
2008-09-04,10.9800,11.4100,10.5700,10.7200,842200
2008-09-05,10.5900,11.2100,10.4700,11.1100,1226800
2008-09-08,11.4600,12.0000,11.1600,11.8900,1234100
2008-09-09,11.7400,12.2600,11.5400,11.6700,1120700
2008-09-10,11.7500,11.9300,11.2400,11.7200,1227800
2008-09-11,11.5200,11.7300,10.9000,11.6100,2210300
2008-09-12,11.3700,12.2500,11.2000,12.1100,1235400
2008-09-15,11.9800,12.0800,11.5800,11.8600,1226500
2008-09-16,11.6100,12.6200,11.5200,12.6000,1551400
2008-09-17,12.2700,12.7400,11.5600,11.9600,1117800
2008-09-18,12.2900,15.7500,11.7900,14.0100,2766500
2008-09-19,14.0100,14.0100,14.0100,14.0100,31500
2008-09-22,15.2000,15.5000,13.3000,13.9500,620900
2008-09-23,13.8400,14.2200,13.5300,13.5300,312800
2008-09-24,13.5800,14.7400,13.5000,14.1500,534000
2008-09-25,14.5000,14.5000,13.7400,13.7900,380100
2008-09-26,13.6000,14.0000,12.8900,13.9600,368800
2008-09-29,13.7000,14.0000,12.9000,13.3900,335400
2008-09-30,14.0000,14.5000,13.5900,13.9000,518300
2008-10-01,13.9000,14.7500,13.1600,13.8900,375900
2008-10-02,14.0000,14.0000,13.5100,13.5600,238700
2008-10-03,13.9500,14.3300,13.2500,13.2500,787700
2008-10-06,13.1900,13.3400,11.5400,12.6500,537700
2008-10-07,12.6500,12.6500,10.6600,10.9000,614100
2008-10-08,10.7600,12.5600,10.5000,10.6800,490400
2008-10-09,10.6900,11.3600,9.5000,9.5100,858200
2008-10-10,9.3200,12.3500,9.1400,11.6400,1423000
2008-10-13,11.9100,12.0600,10.7700,11.3900,945100
2008-10-14,10.9000,13.0400,10.8500,11.5900,991300
2008-10-15,11.4200,12.9900,11.1700,11.1900,659400
2008-10-16,13.0500,13.0500,10.8500,12.0300,893400
2008-10-17,11.9700,12.5800,9.5700,11.5000,795100
2008-10-20,11.6200,12.3600,11.5100,12.3300,620700
2008-10-21,12.0600,12.4300,11.6000,11.8800,551800
2008-10-22,11.5500,12.0300,11.2500,11.4500,735300
2008-10-23,11.5200,11.7500,9.9000,10.5800,1072400
2008-10-24,9.8300,10.7700,9.8300,10.2700,585100
2008-10-27,10.2000,10.7500,10.0800,10.1900,371300
2008-10-28,10.5200,11.8800,9.9500,11.6600,560500
2008-10-29,11.6200,12.0100,11.2900,11.5000,565900
2008-10-30,11.8600,11.9900,11.2800,11.7700,400200
2008-10-31,11.6000,12.7000,11.5900,12.6600,448100
2008-11-03,12.5500,12.9200,12.2400,12.4800,359500
2008-11-04,12.5000,13.3500,12.1100,13.2600,732200
2008-11-05,12.9700,13.2400,12.1100,12.2300,536600
2008-11-06,12.0700,12.6100,11.3500,11.5500,556800
2008-11-07,11.6200,11.9000,11.2000,11.6700,377500
2008-11-10,11.9100,11.9500,11.4900,11.7700,380200
2008-11-11,11.6000,12.2000,11.6000,11.8200,349500
2008-11-12,11.5200,11.8700,11.0600,11.1600,760400
2008-11-13,11.2700,12.3400,10.4500,12.1700,923700
2008-11-14,11.9500,12.5000,11.2600,11.2900,544600
2008-11-17,11.1800,11.5300,10.9500,11.0000,547900
2008-11-18,11.0500,11.3900,10.3500,10.9800,871400
2008-11-19,10.8200,11.2800,9.9400,9.9700,973300
2008-11-20,9.8400,10.2000,9.2500,9.7900,1372900
2008-11-21,10.0000,10.1580,8.5800,9.8700,1452300
2008-11-24,9.9800,10.9600,9.6800,10.7200,1087200
2008-11-25,10.9700,11.1700,10.2100,11.1700,773900
2008-11-26,10.8000,11.4300,10.8000,11.1500,707100
2008-11-28,10.9600,11.2300,10.9100,11.2300,158300
2008-12-01,10.8500,11.3400,9.2800,9.2900,601900
2008-12-02,9.5700,10.4500,9.3500,10.4300,664400
2008-12-03,10.0600,10.9800,10.0000,10.7500,732400
2008-12-04,10.4700,11.0000,10.1200,10.4200,529800
2008-12-05,10.2100,11.0500,9.8100,11.0400,550200
2008-12-08,11.1900,11.3000,10.6800,10.9100,627000
2008-12-09,11.2000,11.3000,10.4800,10.5000,632700
2008-12-10,10.1100,11.2000,10.0400,10.8000,399800
2008-12-11,10.4600,10.8150,9.8500,9.9700,735500
2008-12-12,9.7900,10.4600,9.6100,10.2900,517100
2008-12-15,10.3000,10.3200,9.6900,9.9700,409000
2008-12-16,9.6900,10.7700,9.6900,10.7400,602800
2008-12-17,10.5700,11.0000,10.0200,10.6600,546500
2008-12-18,10.3000,10.9400,10.3000,10.4600,500000
2008-12-19,11.0700,11.2300,9.9800,10.3900,1868100
2008-12-22,10.3700,10.6000,10.2100,10.5000,550500
2008-12-23,10.6000,10.7200,10.3700,10.4500,286200
2008-12-24,10.4200,10.4700,10.2400,10.4500,99900
2008-12-26,10.5100,10.7500,10.4100,10.5500,139600
2008-12-29,10.5500,10.8600,10.5500,10.7800,476900
2008-12-30,10.1400,11.5000,10.1400,11.4900,546200
2008-12-31,11.5000,12.0000,11.3300,11.9000,830100
2009-01-02,11.9500,12.1100,11.2800,11.6200,711800
2009-01-05,11.6400,11.7500,10.8100,10.9200,419000
2009-01-06,11.0300,11.2900,10.8800,11.1500,427600
2009-01-07,11.0200,11.1400,10.7800,10.9300,474900
2009-01-08,10.5000,11.2900,10.5000,10.9000,675500
2009-01-09,10.8700,11.2300,10.4000,10.4500,575900
2009-01-12,10.4500,10.7300,9.9600,10.0400,588300
2009-01-13,9.9500,10.1300,9.7600,9.9400,552100
2009-01-14,9.8100,9.8900,9.2600,9.2900,427200
2009-01-15,9.3100,9.3700,8.7500,9.1500,1068400
2009-01-16,9.0100,9.2400,8.4900,8.7900,919400
2009-01-20,8.9300,8.9300,8.0100,8.0200,1264200
2009-01-21,8.1200,8.4100,7.7800,8.4100,1302400
2009-01-22,8.2200,8.8700,8.0100,8.3200,1017200
2009-01-23,8.2300,8.9400,8.2300,8.7700,704500
2009-01-26,8.8300,9.3900,8.6100,8.8600,777400
2009-01-27,8.8700,9.2600,8.7900,9.0500,512400
2009-01-28,9.2600,9.9800,9.2400,9.8100,835400
2009-01-29,9.7000,9.8100,9.2400,9.2600,255900
2009-01-30,9.1300,9.5400,8.9400,8.9900,481800
2009-02-02,8.8300,9.1200,8.7900,9.0000,626200
2009-02-03,8.7700,9.0800,8.6400,8.8800,509100
2009-02-04,8.9100,9.4000,8.9100,8.9500,473900
2009-02-05,8.8600,9.5300,8.7000,9.2000,488200
2009-02-06,9.1600,9.9000,9.1000,9.8500,1045200
2009-02-09,9.7600,10.0000,9.6300,9.9100,509200
2009-02-10,9.9000,9.9500,8.9200,8.9300,694400
2009-02-11,8.6300,9.4700,8.6300,9.2000,526500
2009-02-12,9.0400,9.1800,8.6100,9.1200,587900
2009-02-13,9.1000,9.2000,8.7000,8.7700,508500
2009-02-17,8.6400,8.6400,8.0400,8.0400,470400
2009-02-18,8.0400,8.3000,7.8500,7.8900,517100
2009-02-19,8.0300,8.1300,7.6400,7.6500,451900
2009-02-20,7.5300,7.7200,7.2100,7.5200,1140100
2009-02-23,7.5700,7.8800,7.5300,7.5500,671700
2009-02-24,7.7000,8.1100,7.5100,8.0800,491500
2009-02-25,8.0300,8.2600,7.5100,7.9800,839700
2009-02-26,8.0900,8.8600,8.0200,8.3500,962700
2009-02-27,8.1900,8.3400,6.7700,7.0200,3183100
2009-03-02,7.2900,7.5600,6.9697,7.1000,3041100
2009-03-03,7.2300,7.5000,6.5200,6.6300,1527400
2009-03-04,6.8000,6.9200,6.5400,6.7800,1410900
2009-03-05,6.6100,6.8200,5.9300,5.9500,1648000
2009-03-06,6.0700,6.4200,5.6100,5.7700,1730400
2009-03-09,5.6800,5.9500,5.3101,5.6200,2042100
2009-03-10,5.8200,6.5600,5.8200,6.5600,1776800
2009-03-11,6.6100,7.1400,6.1700,6.3600,1368100
2009-03-12,6.3400,7.0400,6.2500,6.8500,1481600
2009-03-13,6.8900,7.1000,6.7100,6.8000,1353300
2009-03-16,6.9100,7.1700,6.7900,6.8200,1524100
2009-03-17,6.8300,7.4500,6.8300,7.4500,1089800
2009-03-18,7.4400,8.3600,7.3400,8.1100,2063700
2009-03-19,7.9700,8.1900,7.3200,7.3900,1988900
2009-03-20,7.4400,7.4700,6.9800,7.0700,1722500
2009-03-23,7.3200,7.9900,7.0500,7.9700,1169200
2009-03-24,7.9900,8.0000,7.0600,7.0900,1103900
2009-03-25,7.3900,7.6200,6.8800,7.5700,1478100
2009-03-26,7.6000,7.7500,7.4600,7.7000,1159200
2009-03-27,7.5000,7.6700,6.5500,6.6200,2161600
2009-03-30,6.5500,6.6100,5.9700,6.0700,1312400
2009-03-31,6.1900,6.8000,6.1900,6.6300,1563100
2009-04-01,6.4500,6.8500,6.2700,6.7300,1342600
2009-04-02,6.9400,7.1700,6.8700,7.0500,1198600
2009-04-03,7.0000,7.0600,6.7600,7.0200,943100
2009-04-06,6.9300,7.0700,6.4250,6.5300,974200
2009-04-07,6.4000,6.5800,6.2300,6.2400,661500
2009-04-08,6.4500,6.9000,6.1700,6.4200,1514500
2009-04-09,6.8400,7.1300,6.6400,7.0800,1258700
2009-04-13,6.9900,7.6300,6.8900,7.6000,1345700
2009-04-14,7.4300,7.6299,6.8200,6.8500,1597900
2009-04-15,6.8300,7.1000,6.5100,7.0700,991400
2009-04-16,7.1800,7.2800,6.7400,7.1300,1645000
2009-04-17,7.1500,7.1500,6.5250,6.7500,1884300
2009-04-20,6.6100,6.6200,6.1200,6.1500,1343100
2009-04-21,6.1500,6.5100,5.7500,6.4700,2336700
2009-04-22,6.4700,6.6100,6.0000,6.2200,1697000
2009-04-23,6.2500,6.3000,5.8200,5.9700,1148800
2009-04-24,6.0600,6.5450,5.9300,6.4300,1678800
2009-04-27,6.2600,6.3900,5.8800,5.9600,1001300
2009-04-28,5.9000,6.0600,5.8300,5.8800,735900
2009-04-29,5.9200,6.4000,5.8800,6.3600,1156900
2009-04-30,6.4500,6.4500,6.0100,6.0100,1558800
2009-05-01,6.0800,6.1700,5.8500,5.8800,652300
2009-05-04,5.9700,6.3400,5.9300,6.3300,648400
2009-05-05,6.2600,6.3000,5.9150,6.0400,849100
2009-05-06,6.1200,7.0500,6.1200,6.9100,1963200
2009-05-07,7.0000,7.4600,6.8800,7.4000,2679200
2009-05-08,7.3000,7.7700,7.0400,7.7200,1945300
2009-05-11,7.5500,7.6600,7.2700,7.3600,948000
2009-05-12,7.3200,7.5900,6.9300,7.0500,1294400
2009-05-13,7.0100,7.0800,6.5500,6.5600,1029500
2009-05-14,6.6200,6.7300,6.3500,6.5500,850300
2009-05-15,6.5300,6.5300,6.2201,6.3500,627400
2009-05-18,6.4400,6.7400,6.3700,6.7000,785400
2009-05-19,6.6300,6.7400,6.3900,6.4100,807900
2009-05-20,6.4800,6.5900,5.9600,6.0200,1264500
2009-05-21,5.9500,6.0300,5.8100,5.9500,1005900
2009-05-22,5.9900,6.0900,5.8100,5.9400,588400
2009-05-26,5.8800,6.3500,5.8800,6.2800,530600
2009-05-27,6.2700,6.3400,6.0100,6.0700,703600
2009-05-28,6.1500,6.3000,5.8100,6.1000,592300
2009-05-29,6.1300,6.3600,6.0000,6.3500,733700
2009-06-01,6.4200,6.7300,6.2100,6.4700,718300
2009-06-02,6.4500,6.5100,6.2500,6.2800,950900
2009-06-03,6.2500,6.3000,6.0200,6.1100,671600
2009-06-04,6.1600,6.5900,5.8500,6.5400,1385800
2009-06-05,6.6400,6.7600,6.2500,6.4500,1105100
2009-06-08,6.4400,6.6500,6.3100,6.5200,655700
2009-06-09,6.5800,6.7100,6.3200,6.4800,1053800
2009-06-10,6.5300,6.9000,6.4900,6.5800,986700
2009-06-11,6.6200,6.8700,6.5200,6.6000,605500
2009-06-12,6.6000,6.6700,6.4500,6.5800,575000
2009-06-15,6.5000,6.6800,6.1000,6.3200,876400
2009-06-16,6.4300,6.4300,6.1600,6.1800,435300
2009-06-17,6.1900,6.3300,5.8500,6.1100,1014900
2009-06-18,6.1000,6.4000,6.0100,6.1000,830700
2009-06-19,6.2100,6.3100,6.0100,6.0500,1720600
2009-06-22,6.0000,6.0800,5.8000,5.8700,944300
2009-06-23,5.9400,6.0000,5.7500,5.7500,886400
2009-06-24,5.8300,5.9000,5.6900,5.7800,799100
2009-06-25,5.7400,6.2300,5.7000,6.1500,920300
2009-06-26,6.1200,6.4200,6.0000,6.4200,1359400
2009-06-29,6.2900,6.2900,6.0400,6.1500,987900
2009-06-30,6.0900,6.2400,5.9100,5.9700,872600
2009-07-01,6.0100,6.3400,5.9506,6.2200,976900
2009-07-02,6.1000,6.2300,5.6900,5.8400,1138000
2009-07-06,5.8300,6.0000,5.5800,5.8400,769700
2009-07-07,5.8300,5.8700,5.5700,5.5900,1247200
2009-07-08,5.6500,5.8000,5.2800,5.4300,1803600
2009-07-09,5.4900,5.5300,5.1900,5.2200,1879300
2009-07-10,5.2700,5.3200,4.9050,5.1900,2469400
2009-07-13,5.4300,5.8520,5.3200,5.7400,1703200
2009-07-14,5.7400,5.7800,5.5750,5.6700,884500
2009-07-15,5.7200,6.0700,5.6401,5.9300,1321900
2009-07-16,6.3200,6.6900,6.0800,6.6700,2760900
2009-07-17,6.6600,6.7300,6.1400,6.2000,1893300
2009-07-20,6.2600,6.3900,5.9600,6.1400,1235600
2009-07-21,5.9000,6.3200,5.9000,6.2600,2342100
2009-07-22,6.3500,6.5000,6.1500,6.3000,6316600
2009-07-23,6.2800,6.7500,6.2800,6.7300,1952400
2009-07-24,6.6800,6.7500,6.4600,6.6200,1208500
2009-07-27,6.6300,6.9701,6.6000,6.9300,1277800
2009-07-28,6.8500,7.3500,6.8100,7.3100,1372300
2009-07-29,7.2100,7.4300,7.1700,7.2900,923200
2009-07-30,7.4000,7.9300,7.3260,7.7500,2557200
2009-07-31,7.6900,7.8700,7.4800,7.5400,5627900
2009-08-03,7.5900,7.7500,7.4000,7.6000,971800
2009-08-04,7.5200,8.1800,7.4000,8.0500,2143600
2009-08-05,8.0200,8.1900,7.8800,7.9800,3058700
2009-08-06,7.9900,7.9900,7.5500,7.7300,2488400
2009-08-07,7.8800,8.3700,7.7500,8.0800,1841600
2009-08-10,8.0100,8.4500,8.0100,8.2100,1018400
2009-08-11,8.2000,8.3000,7.7500,7.8000,1202600
2009-08-12,7.7900,7.9900,7.7800,7.8200,900500
2009-08-13,7.9000,7.9100,7.5700,7.7600,774200
2009-08-14,7.7000,7.7200,7.5100,7.6300,1030200
2009-08-17,7.4500,7.5900,7.2800,7.4500,1522200
2009-08-18,7.4700,7.5600,7.4100,7.4400,844800
2009-08-19,7.3400,7.5300,7.3300,7.4500,752700
2009-08-20,7.4100,7.7400,7.3750,7.6500,1154600
2009-08-21,7.7600,7.8400,7.6100,7.6900,1257600
2009-08-24,7.7100,7.8000,7.2800,7.3500,913800
2009-08-25,7.3800,7.5400,7.3300,7.4700,961600
2009-08-26,7.4800,7.7200,7.3600,7.5100,1119200
2009-08-27,7.5100,7.5100,7.2100,7.3700,946500
2009-08-28,7.4700,7.4700,7.0600,7.1200,1135200
2009-08-31,7.0700,7.1600,6.9100,7.0100,1071600
2009-09-01,6.9800,7.1700,6.6100,6.9000,2212600
2009-09-02,6.9000,7.0300,6.7000,6.7000,963100
2009-09-03,6.7100,7.0900,6.6500,7.0300,1614300
2009-09-04,7.0300,7.2600,6.9700,7.2000,823100
2009-09-08,7.3100,7.3700,7.2300,7.2900,617100
2009-09-09,7.2900,7.5900,7.2000,7.5000,726700
2009-09-10,7.4700,7.5100,7.3000,7.4900,377500
2009-09-11,7.5000,7.7700,7.4000,7.6800,891700
2009-09-14,7.6000,7.6400,7.3800,7.5700,718900
2009-09-15,7.5500,7.9700,7.4700,7.9300,749700
2009-09-16,7.9500,8.6400,7.8300,8.6100,1763000
2009-09-17,8.6300,8.7000,8.1400,8.2400,959900
2009-09-18,8.2900,8.3900,8.0100,8.2500,826300
2009-09-21,8.1800,8.2500,8.0500,8.1400,517100
2009-09-22,8.2400,8.4400,8.1200,8.3500,1001400
2009-09-23,8.3500,8.3600,8.1100,8.1300,694300
2009-09-24,8.1500,8.2100,7.8000,7.9500,774000
2009-09-25,7.9400,7.9500,7.5900,7.7300,822700
2009-09-28,7.7400,7.8900,7.5800,7.7900,708100
2009-09-29,7.7700,7.9300,7.7000,7.8400,644700
2009-09-30,7.8200,7.8700,7.5000,7.5900,877100
2009-10-01,7.5800,7.8100,7.3100,7.3500,972200
2009-10-02,7.2500,7.4200,6.9300,7.3700,1002000
2009-10-05,7.3900,7.5600,7.3700,7.4200,929000
2009-10-06,7.4500,7.7000,7.4300,7.5400,1021100
2009-10-07,7.5300,7.6600,7.2500,7.4400,472000
2009-10-08,7.5300,7.6000,7.3800,7.4600,834500
2009-10-09,7.4500,7.6600,7.4400,7.6600,742900
2009-10-12,7.6400,7.7500,7.5200,7.5400,390300
2009-10-13,7.5200,7.6800,7.3400,7.5200,517000
2009-10-14,7.6100,7.8600,7.4500,7.8500,765600
2009-10-15,7.8200,7.8800,7.6100,7.8500,866400
2009-10-16,7.8000,7.8900,7.6380,7.6500,676900
2009-10-19,8.3000,8.6500,8.2400,8.2600,3005900
2009-10-20,8.3200,8.3200,8.0100,8.1500,1167100
2009-10-21,8.0800,8.2500,7.8100,7.8600,1401600
2009-10-22,7.9500,8.8500,7.9400,8.8100,2044900
2009-10-23,8.8000,9.0000,8.4100,8.6900,1742000
2009-10-26,8.6900,8.8300,8.5100,8.6500,1323700
2009-10-27,8.7100,9.0000,8.4900,8.5200,1984800
2009-10-28,8.4800,8.5250,8.0700,8.1400,1848500
2009-10-29,8.2200,8.4600,8.0800,8.3800,1352400
2009-10-30,8.3600,8.4100,7.9300,8.0100,1447500
2009-11-02,8.0500,8.2400,7.7300,7.9200,1298700
2009-11-03,7.8400,7.9400,7.5600,7.8800,1100900
2009-11-04,7.9600,7.9600,7.5200,7.6100,1128700
2009-11-05,7.6700,7.7700,7.3700,7.7500,1827600
2009-11-06,7.6200,7.8900,7.5450,7.7400,1306400
2009-11-09,7.8000,7.9900,7.7600,7.8900,954100
2009-11-10,7.8500,7.9200,7.7810,7.8200,717000
2009-11-11,7.9300,8.1600,7.8500,7.9800,661500
2009-11-12,7.9800,8.1700,7.6600,7.6700,639400
2009-11-13,7.6700,7.9000,7.6000,7.7900,1053200
2009-11-16,7.9400,8.4700,7.9300,8.4000,2102600
2009-11-17,8.3900,8.4400,8.1000,8.3500,1103100
2009-11-18,8.3100,8.4200,8.1600,8.2100,769100
2009-11-19,8.0900,8.1300,7.8700,7.9200,1072800
2009-11-20,7.8600,8.1800,7.7100,7.7700,1081000
2009-11-23,7.9200,7.9600,7.7000,7.8000,1113800
2009-11-24,7.8300,7.8500,7.5300,7.7800,2294100
2009-11-25,7.7900,8.0000,7.7800,7.8300,876000
2009-11-27,7.5600,7.8000,7.5600,7.6500,513900
2009-11-30,7.6300,7.7800,7.5800,7.7500,1145700
2009-12-01,7.7600,7.8400,7.6700,7.7900,1194500
2009-12-02,7.7700,8.0600,7.7700,8.0100,1279500
2009-12-03,8.0100,8.2800,7.7300,7.7600,1562200
2009-12-04,7.9500,8.1400,7.8000,7.8400,1834200
2009-12-07,7.8300,8.0200,7.8300,7.9200,605400
2009-12-08,7.8600,8.0000,7.8100,7.8800,580800
2009-12-09,7.8700,8.0500,7.7700,8.0400,851800
2009-12-10,8.0200,8.3800,7.9801,8.2400,1678000
2009-12-11,8.2700,8.3500,8.0900,8.1700,795500
2009-12-14,8.1900,8.2000,7.9800,8.0500,1147400
2009-12-15,8.0200,8.1500,7.9700,8.0700,930400
2009-12-16,8.1400,8.1900,8.0100,8.0900,1093700
2009-12-17,8.1000,8.1600,7.9800,8.0700,940000
2009-12-18,8.1100,8.2230,8.0400,8.2200,1734800
2009-12-21,8.2300,8.3400,8.1400,8.3200,834300
2009-12-22,8.3500,8.5000,8.3050,8.4700,690100
2009-12-23,8.5000,8.6000,8.2000,8.6000,948900
2009-12-24,8.6200,8.7400,8.5300,8.7100,248900
2009-12-28,8.7300,8.9000,8.6500,8.9000,667400
2009-12-29,8.8900,8.9111,8.5300,8.8800,632400
2009-12-30,8.8500,8.9400,8.7700,8.8500,1086400
2009-12-31,8.8700,8.9000,8.6200,8.6400,838100
2010-01-04,8.7800,9.0900,8.7400,9.0900,3327100
2010-01-05,9.0500,9.0900,8.4700,8.7200,3100700
2010-01-06,8.7200,8.8500,8.6500,8.7900,785300
2010-01-07,8.7500,9.2500,8.7400,9.0900,2771000
2010-01-08,9.0500,9.5600,8.9500,9.5200,1492700
2010-01-11,9.5600,9.6600,9.4000,9.6000,1915100
2010-01-12,9.5500,9.6600,9.3900,9.4200,1004100
2010-01-13,9.4900,9.5100,9.2200,9.3900,794600
2010-01-14,9.3400,9.8800,9.3400,9.8600,1474800
2010-01-15,9.8900,9.9700,9.6700,9.8600,1335900
2010-01-19,9.8600,9.8700,9.5000,9.5700,1583000
2010-01-20,9.5000,9.6900,9.2000,9.5800,829100
2010-01-21,9.5500,10.2300,9.4617,10.1900,3442700
2010-01-22,9.9900,10.3800,9.8500,9.9500,4197800
2010-01-25,9.8300,9.9800,9.2400,9.5600,1903400
2010-01-26,9.5400,9.7700,9.3000,9.5200,1323400
2010-01-27,9.4400,9.7900,9.3800,9.7600,1272800
2010-01-28,9.8100,10.2600,9.4900,9.6200,1173800
2010-01-29,9.7000,9.9600,9.5000,9.5800,2299400
2010-02-01,9.6100,9.6500,9.1300,9.2400,1239900
2010-02-02,9.2200,9.2400,8.9400,9.0200,1540400
2010-02-03,8.9900,9.0100,8.6200,8.9400,1088600
2010-02-04,8.8400,8.8400,8.6000,8.7000,1791000
2010-02-05,8.7000,8.9900,8.6000,8.8200,1542200
2010-02-08,8.8100,8.9200,8.6300,8.6500,646700
2010-02-09,8.7500,8.8500,8.6500,8.7600,919400
2010-02-10,8.7500,8.9000,8.6900,8.8200,804000
2010-02-11,8.7600,8.9500,8.6800,8.7700,734800
2010-02-12,8.6800,8.7400,8.4400,8.7200,1193900
2010-02-16,8.7600,8.7900,8.6300,8.7800,426000
2010-02-17,8.8400,8.9500,8.6600,8.8100,535200
2010-02-18,8.8200,8.9200,8.7900,8.8300,309600
2010-02-19,8.8200,8.9800,8.7100,8.9500,515800
2010-02-22,8.9600,9.3200,8.8800,9.2400,837000
2010-02-23,9.2500,9.3800,9.0900,9.2200,1324300
2010-02-24,9.2300,9.5900,9.2000,9.4900,543700
2010-02-25,9.3700,9.4900,9.3200,9.4400,313500
2010-02-26,9.4300,9.4400,9.1200,9.3000,871800
2010-03-01,9.3400,9.3900,9.1550,9.3000,456000
2010-03-02,9.3500,9.4650,9.2400,9.4200,640000
2010-03-03,9.4500,9.5100,9.3300,9.4000,387400
2010-03-04,9.4600,9.5400,9.3300,9.4000,349000
2010-03-05,9.4400,9.7600,9.3600,9.7500,677700
2010-03-08,9.7800,9.8500,9.6200,9.6500,452000
2010-03-09,9.6100,9.7400,9.5000,9.5600,359600
2010-03-10,9.5600,9.9900,9.5600,9.7900,534000
2010-03-11,9.7400,9.9300,9.6500,9.9100,462800
2010-03-12,9.9600,9.9600,9.6450,9.7300,455800
2010-03-15,9.6800,9.8000,9.5900,9.7700,510300
2010-03-16,9.8000,9.8000,9.6500,9.7500,457100
2010-03-17,9.7500,9.8900,9.7000,9.8400,750300
2010-03-18,9.8700,10.0400,9.6900,10.0000,1698600
2010-03-19,10.0100,10.1200,9.9900,10.1100,1407600
2010-03-22,10.0600,10.3900,10.0300,10.3900,1101300
2010-03-23,10.3900,10.4700,10.2200,10.4200,801000
2010-03-24,10.3400,10.6450,10.3400,10.5300,884300
2010-03-25,10.5100,10.8900,10.4400,10.4700,706300
2010-03-26,10.4900,10.6900,10.0900,10.2800,1141000
2010-03-29,10.2800,10.2800,10.0700,10.1800,559500
2010-03-30,10.2200,10.2700,10.0540,10.0700,465900
2010-03-31,10.0500,10.0900,9.9250,9.9300,780500
2010-04-01,9.9900,10.0700,9.7500,9.9300,861200
2010-04-05,9.8900,9.9200,9.7200,9.8500,541900
2010-04-06,9.6100,10.0300,9.4800,9.6300,1843400
2010-04-07,9.5700,9.7500,9.4500,9.6300,1217200
2010-04-08,9.8700,9.9800,9.6500,9.9100,1159500
2010-04-09,10.0400,10.2700,9.9600,10.1100,1295300
2010-04-12,10.1700,10.3000,10.1000,10.2500,583500
2010-04-13,10.2500,10.4900,10.0200,10.3800,872500
2010-04-14,10.5000,10.9100,10.4600,10.8300,1188800
2010-04-15,10.8500,10.9000,10.4500,10.4900,1028000
2010-04-16,10.4800,10.5500,10.2400,10.3000,1141900
2010-04-19,10.2400,10.6200,10.1300,10.5800,1037900
2010-04-20,10.4300,10.8100,10.4300,10.8000,2053000
2010-04-21,10.7000,11.1200,10.6600,11.0800,1501000
2010-04-22,11.2500,11.8500,11.1600,11.4600,2479700
2010-04-23,11.5000,11.6600,11.3500,11.4300,1096800
2010-04-26,11.4700,11.6200,11.2900,11.4500,1167700
2010-04-27,11.4400,11.5350,11.0000,11.0500,1307800
2010-04-28,11.0700,11.2700,10.9600,11.1800,860000
2010-04-29,11.2600,11.4100,11.1800,11.3500,1074000
2010-04-30,11.3500,11.4900,10.9800,10.9800,1008700
2010-05-03,11.0500,11.2700,10.9500,11.2000,684200
2010-05-04,11.0600,11.0600,10.4796,10.5400,943700
2010-05-05,10.4500,10.7200,10.2800,10.5500,651300
2010-05-06,10.5000,10.6600,9.6000,10.0100,1605700
2010-05-07,9.9900,10.2700,9.6000,9.8000,1741800
2010-05-10,10.1400,10.4200,10.0900,10.4100,960200
2010-05-11,10.1900,10.8000,10.0600,10.6500,1173100
2010-05-12,10.7000,10.9300,10.5400,10.9000,839900
2010-05-13,10.8900,10.9500,10.5700,10.6300,734600
2010-05-14,10.5500,10.5800,10.1300,10.3300,1174700
2010-05-17,10.6900,11.1300,10.6400,10.8000,1429100
2010-05-18,10.9300,10.9500,10.2600,10.3800,1286500
2010-05-19,10.3400,10.6600,10.1100,10.1700,1009700
2010-05-20,10.0900,10.1900,9.6000,9.6900,1247200
2010-05-21,9.5700,9.9300,9.5000,9.7500,1164200
2010-05-24,9.7200,9.7300,9.4600,9.4600,765900
2010-05-25,9.3500,9.6300,9.1800,9.6200,1551500
2010-05-26,9.7400,10.0200,9.7300,9.7700,1245900
2010-05-27,9.7900,10.3200,9.7900,10.2900,933600
2010-05-28,10.2300,10.2700,9.8200,9.9300,911000
2010-06-01,9.8000,9.9400,9.6500,9.6600,766200
2010-06-02,9.7800,9.7800,9.5800,9.7300,1479200
2010-06-03,9.8000,9.8500,9.5900,9.7400,547700
2010-06-04,9.5000,9.6100,9.1200,9.3600,1451400
2010-06-07,9.4300,9.4300,9.1300,9.2300,1013800
2010-06-08,9.2600,9.3100,9.0000,9.1500,314839
2010-06-09,9.2300,9.3100,9.0100,9.1800,305221
2010-06-10,9.3300,9.5800,9.2200,9.5600,873200
2010-06-11,9.4300,9.8000,9.3800,9.8000,928300
2010-06-14,9.8900,9.9100,9.6000,9.6300,516200
2010-06-15,9.6200,9.9300,9.5200,9.8700,1001200
2010-06-16,9.8700,10.3600,9.7000,10.2200,1332700
2010-06-17,10.2600,10.3500,10.1000,10.2800,532700
2010-06-18,10.3500,10.4000,10.0700,10.2900,780300
2010-06-21,10.4100,10.4900,10.1400,10.2200,653100
2010-06-22,10.3000,10.4000,9.9800,9.9900,639700
2010-06-23,10.0000,10.0400,9.7100,9.7900,679000
2010-06-24,9.8800,9.9600,9.6600,9.6700,787100
2010-06-25,9.7300,10.0400,9.6400,10.0300,1338400
2010-06-28,9.8500,9.9600,9.6600,9.8700,661900
2010-06-29,9.7200,9.8100,9.5100,9.5800,1103500
2010-06-30,9.6000,9.7900,9.4700,9.5000,549600
2010-07-01,9.5100,9.6900,9.1700,9.5100,1051200
2010-07-02,9.6400,9.6800,9.3400,9.4600,432700
2010-07-06,9.6100,9.7200,9.2300,9.3100,745100
2010-07-07,9.3700,9.7400,9.3200,9.7100,632100
2010-07-08,9.8100,10.0000,9.8100,10.0000,665800
2010-07-09,10.0100,10.5000,9.9700,10.4100,932100
2010-07-12,10.3500,10.4200,10.2000,10.3500,531100
2010-07-13,10.4700,10.7600,10.4000,10.7500,983700
2010-07-14,10.6700,10.6700,10.3300,10.4900,813000
2010-07-15,10.5000,10.5000,10.0800,10.2500,553100
2010-07-16,10.1300,10.2000,9.8200,9.9200,748600
2010-07-19,9.9200,10.0200,9.6400,9.8100,435800
2010-07-20,9.6600,9.9400,9.5000,9.9400,611000
2010-07-21,10.0100,10.1000,9.6000,9.7000,883500
2010-07-22,9.8800,10.6300,9.8300,10.5000,1761000
2010-07-23,10.4700,10.7400,10.2600,10.7100,606500
2010-07-26,10.7400,10.9900,10.4800,10.8300,736700
2010-07-27,10.8400,10.9100,10.4800,10.6300,1000000
2010-07-28,10.6500,10.7700,10.3400,10.3700,391200
2010-07-29,10.5200,10.5200,10.1700,10.1800,684400
2010-07-30,10.0800,10.3500,10.0040,10.1800,584500
2010-08-02,10.3200,10.5000,10.1800,10.3500,491700
2010-08-03,10.2800,10.5150,10.2300,10.2600,553700
2010-08-04,10.3000,10.4300,10.2500,10.3900,506000
2010-08-05,10.2900,10.4100,10.2500,10.3100,428300
2010-08-06,10.1800,10.2800,9.9400,10.0700,553500
2010-08-09,10.1400,10.3100,10.0300,10.3000,261700
2010-08-10,8.3500,8.3500,7.7500,8.0000,13250400
2010-08-11,8.0600,8.3600,7.9500,7.9700,4601600
2010-08-12,8.0200,8.2200,7.4300,7.4800,3447700
2010-08-13,7.5000,8.2100,7.4200,8.0600,3699100
2010-08-16,8.1000,8.4700,8.0600,8.1300,1819900
2010-08-17,8.2600,8.2600,7.8600,7.8700,1738500
2010-08-18,7.8700,7.9600,7.7700,7.8000,974600
2010-08-19,7.7500,7.7900,7.4000,7.6600,1867100
2010-08-20,7.6300,7.7600,7.4400,7.5600,1192200
2010-08-23,7.6000,7.6402,7.4300,7.4400,908800
2010-08-24,7.4000,7.4500,7.2200,7.2900,1542300
2010-08-25,7.2200,7.2600,7.0600,7.1900,1572300
2010-08-26,7.2000,7.2300,6.7300,6.8100,4396100
2010-08-27,6.8700,6.9200,6.6600,6.8800,1692300
2010-08-30,6.8300,6.9100,6.6100,6.7150,1216900
2010-08-31,6.6900,6.8800,6.6600,6.8100,1087600
2010-09-01,6.9500,7.1600,6.8600,7.0800,1014000
2010-09-02,7.0000,7.2000,6.8750,7.1800,1522000
2010-09-03,7.2600,7.3900,7.1800,7.2800,687400
2010-09-07,7.2600,7.2600,6.9700,6.9800,890900
2010-09-08,7.0300,7.1200,6.9700,7.0300,609200
2010-09-09,7.0100,7.2100,7.0000,7.0500,717400
2010-09-10,7.1000,7.6300,6.8800,6.9900,4380000
2010-09-13,7.0700,7.0900,6.9900,7.0700,1258600
2010-09-14,7.0200,7.0900,6.9800,7.0400,1006100
2010-09-15,7.0200,7.2600,7.0000,7.2100,1097900
2010-09-16,7.2200,7.2800,7.1000,7.2600,1135700
2010-09-17,7.3400,7.3500,7.1100,7.1925,1148400
2010-09-20,7.2000,7.3100,7.0800,7.2800,1080500
2010-09-21,7.2900,7.7500,7.2500,7.5500,2024300
2010-09-22,7.5300,7.6200,7.3300,7.4900,1546400
2010-09-23,7.4300,7.6000,7.2900,7.3500,1223400
2010-09-24,7.5000,7.6100,7.4000,7.5800,976600
2010-09-27,7.5400,7.5900,7.3400,7.4200,752800
2010-09-28,7.4200,7.5700,7.2200,7.5600,1108900
2010-09-29,7.4800,7.5600,7.4000,7.5300,700500
2010-09-30,7.5600,7.6500,7.4600,7.5100,877000
2010-10-01,7.6000,7.6500,7.4700,7.5100,851200
2010-10-04,7.5100,7.5600,7.4000,7.5000,623400
2010-10-05,7.6100,7.6800,7.4400,7.6100,740700
2010-10-06,7.6100,8.0000,7.6100,7.9100,849000
2010-10-07,7.9700,7.9700,7.7200,7.7800,431600
2010-10-08,7.7800,7.9400,7.6400,7.9100,481900
2010-10-11,7.9300,7.9300,7.7700,7.8600,304300
2010-10-12,7.8500,7.9950,7.6800,7.9700,593400
2010-10-13,7.9000,8.2300,7.8300,8.1500,837500
2010-10-14,8.1200,8.1500,7.8500,7.9800,745500
2010-10-15,8.0500,8.0600,7.8100,7.8600,835400
2010-10-18,7.8600,8.0700,7.8600,8.0600,402600
2010-10-19,7.9500,8.1200,7.6700,7.7400,2210000
2010-10-20,7.7600,7.7800,7.6200,7.6600,1180900
2010-10-21,7.7100,8.0200,7.6500,7.8900,1242800
2010-10-22,7.8800,7.9100,7.7100,7.7300,415300
2010-10-25,7.7900,7.8500,7.6600,7.6800,386900
2010-10-26,7.6200,7.7900,7.5500,7.6900,488300
2010-10-27,7.6800,7.9300,7.6800,7.8300,498800
2010-10-28,7.9200,7.9200,7.6000,7.6300,402200
2010-10-29,7.5900,7.7100,7.5600,7.6100,369800
2010-11-01,7.6100,7.7200,7.3000,7.4100,833800
2010-11-02,7.5200,7.6700,7.4200,7.6600,626100
2010-11-03,7.6900,7.8800,7.5800,7.8800,466900
2010-11-04,7.9800,8.3400,7.8900,8.3000,1244500
2010-11-05,8.3400,8.6800,8.2500,8.4900,655200
2010-11-08,8.4500,8.4500,8.2600,8.3100,261900
2010-11-09,8.3500,8.4700,8.2700,8.3200,404300
2010-11-10,8.3200,8.4300,8.2000,8.3600,416200
2010-11-11,8.2500,8.6100,8.1600,8.5300,525000
2010-11-12,8.4700,8.4800,8.3400,8.3600,450100
2010-11-15,8.4000,8.4802,8.3300,8.3500,295400
2010-11-16,8.3000,8.4100,8.1550,8.4100,544000
2010-11-17,8.4000,8.4000,8.1200,8.1800,385700
2010-11-18,8.2900,8.4200,8.2200,8.3200,272300
2010-11-19,8.3100,8.3100,8.1400,8.2100,287900
2010-11-22,8.1700,8.2299,8.0299,8.1300,246200
2010-11-23,8.0300,8.6350,8.0200,8.3100,1437500
2010-11-24,8.3700,8.5000,8.1200,8.2000,590800
2010-11-26,8.1300,8.2800,8.0400,8.0700,205600
2010-11-29,8.0400,8.1600,7.9600,8.1000,500800
2010-11-30,8.0300,8.0300,7.7600,7.8700,733200
2010-12-01,8.0200,8.0800,7.9300,8.0000,755300
2010-12-02,8.0300,8.0400,7.8700,8.0300,780300
2010-12-03,7.9600,8.0400,7.8400,8.0300,456500
2010-12-06,7.9800,8.2100,7.8800,8.1900,678900
2010-12-07,8.2500,8.8000,8.2500,8.7000,1767800
2010-12-08,8.7000,8.8800,8.6500,8.8800,1667600
2010-12-09,8.8900,8.9000,8.7900,8.8500,696600
2010-12-10,8.8500,8.9300,8.7000,8.9300,575000
2010-12-13,8.9300,8.9300,8.7200,8.7300,531700
2010-12-14,8.7700,8.8100,8.5400,8.5400,776500
2010-12-15,8.5600,8.6500,8.3600,8.4200,570000
2010-12-16,8.4700,8.5700,8.4000,8.4500,438400
2010-12-17,8.4700,8.5600,8.4200,8.4500,845500
2010-12-20,8.5000,8.5800,8.4200,8.4900,315600
2010-12-21,8.5600,8.6700,8.5500,8.5900,701300
2010-12-22,8.6300,9.0500,8.6300,9.0300,1236500
2010-12-23,9.0600,9.0900,8.8550,8.9200,337900
2010-12-27,8.8000,8.9500,8.7200,8.9200,320400
2010-12-28,8.9300,8.9699,8.8000,8.8600,310100
2010-12-29,8.9100,8.9100,8.7500,8.8300,196800
2010-12-30,8.8000,8.8600,8.7000,8.7900,261900
2010-12-31,8.7500,8.9000,8.6600,8.6700,369300
2011-01-03,8.7600,8.7800,8.6200,8.7300,609300
2011-01-04,8.7400,8.8500,8.3900,8.4800,723600
2011-01-05,8.4700,8.6650,8.4300,8.5900,448800
2011-01-06,8.6100,8.6400,8.4100,8.4200,527700
2011-01-07,8.4800,8.5800,8.0500,8.0900,817200
2011-01-10,8.1000,8.3300,7.9300,8.2500,679900
2011-01-11,8.2800,8.4500,8.2500,8.4000,863700
2011-01-12,8.5000,8.5400,8.3100,8.3500,448300
2011-01-13,8.3300,8.4800,8.3000,8.3500,499500
2011-01-14,8.3700,8.8800,8.3600,8.7800,1084300
2011-01-18,8.7500,8.9500,8.6400,8.9100,614400
2011-01-19,8.8800,8.8900,8.6800,8.6900,620900
2011-01-20,8.4500,8.6600,8.1400,8.5700,2216500
2011-01-21,8.5800,8.5800,8.2900,8.4900,973000
2011-01-24,8.4500,8.5100,8.3100,8.4800,737300
2011-01-25,8.4200,8.4400,8.2300,8.4000,1079100
2011-01-26,8.4400,8.5200,8.2700,8.4600,694300
2011-01-27,8.4300,8.6700,8.3900,8.6200,795700
2011-01-28,8.6100,8.7600,8.4600,8.4700,927700
2011-01-31,8.5300,8.5300,8.2800,8.2800,759000
2011-02-01,8.3300,8.4600,8.2497,8.4000,536300
2011-02-02,8.3500,8.4800,8.2500,8.2800,464600
2011-02-03,8.2800,8.4100,8.2000,8.3200,487500
2011-02-04,8.3200,8.5300,8.3100,8.5200,1015300
2011-02-07,8.5100,8.6700,8.4500,8.5900,684600
2011-02-08,8.5700,8.7200,8.5400,8.6500,505500
2011-02-09,8.6000,8.6800,8.5300,8.6500,697500
2011-02-10,8.6300,8.7000,8.4400,8.5000,496100
2011-02-11,8.4500,8.6600,8.4200,8.6600,459000
2011-02-14,8.6200,8.7400,8.5700,8.6800,300800
2011-02-15,8.6500,8.7300,8.5800,8.5900,500900
2011-02-16,8.5900,8.7000,8.5200,8.6700,324200
2011-02-17,8.6400,8.6400,8.5500,8.6400,389800
2011-02-18,8.7000,8.7300,8.6500,8.7000,519300
2011-02-22,8.6000,8.7200,8.4700,8.4800,687100
2011-02-23,8.4600,8.5300,8.3100,8.3400,632400
2011-02-24,8.3400,8.3400,8.1800,8.2300,1000400
2011-02-25,8.2600,8.4170,8.2500,8.3800,578300
2011-02-28,8.4000,8.4500,8.3000,8.3600,386900
2011-03-01,8.3500,8.3700,8.1500,8.2000,913100
2011-03-02,8.2200,8.3500,8.1700,8.1800,821800
2011-03-03,8.2700,8.3800,8.2100,8.3200,541300
2011-03-04,8.3000,8.3200,8.1600,8.2000,496100
2011-03-07,8.2600,8.3500,8.1400,8.2100,630000
2011-03-08,8.2400,8.4700,8.2203,8.4500,578000
2011-03-09,8.4500,8.5700,8.3900,8.5100,349300
2011-03-10,8.4000,8.4000,8.2200,8.2400,642400
2011-03-11,8.2300,8.3100,8.0700,8.1500,809400
2011-03-14,8.0600,8.1400,7.9700,8.0500,480300
2011-03-15,7.8900,8.0400,7.8500,8.0000,882400
2011-03-16,8.0200,8.0400,7.8300,7.8500,696300
2011-03-17,7.9400,8.0000,7.8500,7.8800,383200
2011-03-18,7.9300,8.2700,7.9100,8.1800,1608800
2011-03-21,8.2600,8.4200,8.2400,8.4200,488600
2011-03-22,8.4200,8.5600,8.2900,8.4300,421100
2011-03-23,8.4000,8.4200,8.2500,8.3300,572200
2011-03-24,8.3500,8.3500,8.1800,8.1900,340400
2011-03-25,8.2500,8.3800,8.1750,8.2200,473600
2011-03-28,8.1600,8.1700,8.0400,8.1000,321300
2011-03-29,8.5000,9.2000,8.5000,8.8400,2783300
2011-03-30,8.8800,9.2800,8.8400,9.1300,2029000
2011-03-31,9.1200,9.3200,9.1000,9.3100,1162000
2011-04-01,9.3800,9.6300,9.3600,9.6200,1234200
2011-04-04,9.6100,9.9000,9.5200,9.8200,1165400
2011-04-05,9.7700,9.8800,9.6500,9.7900,1225300
2011-04-06,9.8100,9.8500,9.7400,9.7700,996200
2011-04-07,9.7900,9.8500,9.5200,9.5300,629700
2011-04-08,9.6200,9.6500,9.3700,9.4000,515400
2011-04-11,9.3800,9.5800,9.3700,9.4700,561600
2011-04-12,9.3800,9.5400,9.3200,9.3900,676100
2011-04-13,9.4700,9.5100,9.1500,9.1800,548000
2011-04-14,9.1300,9.2400,9.0600,9.2000,433900
2011-04-15,9.1800,9.3600,9.1800,9.2400,460100
2011-04-18,9.0000,9.3200,9.0000,9.1300,506900
2011-04-19,9.1500,9.1800,9.0000,9.1500,703600
2011-04-20,9.2200,9.3100,9.1300,9.3000,650100
2011-04-21,9.4300,9.4300,9.1000,9.3000,740200
2011-04-25,9.3300,9.8000,9.3200,9.4400,796100
2011-04-26,9.4800,9.6900,9.4200,9.5800,600900
2011-04-27,9.6100,9.8400,9.5100,9.8200,661400
2011-04-28,9.7800,9.9400,9.7800,9.8700,524300
2011-04-29,9.8900,9.8900,9.6400,9.7400,865000
2011-05-02,9.7800,9.7800,9.5200,9.5200,563300
2011-05-03,9.5100,9.6800,9.4600,9.5600,496100
2011-05-04,9.5500,9.5800,9.3900,9.4300,443700
2011-05-05,9.3900,9.5200,9.2200,9.2900,674800
2011-05-06,9.3800,9.3900,9.1100,9.1400,534400
2011-05-09,9.2000,9.2600,9.0700,9.2400,576800
2011-05-10,9.2900,9.4800,9.2400,9.3800,320300
2011-05-11,9.3600,9.3600,9.1100,9.1600,499700
2011-05-12,9.1500,9.3000,9.0600,9.2300,335000
2011-05-13,9.2500,9.2500,9.0200,9.0400,322500
2011-05-16,9.0300,9.1300,9.0000,9.0300,472400
2011-05-17,9.0200,9.2000,9.0100,9.1600,579400
2011-05-18,9.1800,9.2400,9.0500,9.2200,397800
2011-05-19,9.2700,9.3400,9.1500,9.1800,520300
2011-05-20,9.1300,9.2000,9.0600,9.1200,640000
2011-05-23,9.0100,9.1300,9.0100,9.0400,472100
2011-05-24,9.0500,9.0600,8.9000,8.9100,545800
2011-05-25,8.9000,8.9900,8.7500,8.8000,966300
2011-05-26,8.7700,8.8550,8.6500,8.7900,1055000
2011-05-27,8.8100,8.8900,8.8000,8.8900,343000
2011-05-31,8.9400,9.0100,8.8900,8.9700,718700
2011-06-01,8.9400,8.9800,8.6400,8.6400,676900
2011-06-02,8.6300,8.7200,8.5600,8.6000,383600
2011-06-03,8.5000,8.6500,8.4600,8.5000,488900
2011-06-06,8.4400,8.5200,8.3800,8.4300,480100
2011-06-07,8.4500,8.6400,8.4500,8.4500,274300
2011-06-08,8.4100,8.5400,8.4000,8.4000,390700
2011-06-09,8.4400,8.4700,8.3700,8.3800,265000
2011-06-10,8.3500,8.4800,8.1800,8.2800,557700
2011-06-13,8.3000,8.4600,8.2400,8.3800,391200
2011-06-14,8.4500,8.6600,8.4100,8.6000,928500
2011-06-15,8.5100,8.7000,8.4700,8.5200,785000
2011-06-16,8.5600,8.7500,8.4900,8.7150,577700
2011-06-17,8.7800,9.0500,8.7500,8.8700,927400
2011-06-20,8.8700,9.0000,8.8700,8.9500,356200
2011-06-21,9.0300,9.0900,8.9099,9.0800,452300
2011-06-22,9.2100,9.2900,9.0400,9.0500,643900
2011-06-23,8.9700,8.9900,8.6300,8.8100,754700
2011-06-24,8.8300,8.9800,8.7000,8.7900,871900
2011-06-27,8.7100,9.0000,8.6200,8.9400,607600
2011-06-28,8.9400,9.0700,8.8100,9.0000,573400
2011-06-29,9.0600,9.1300,8.9300,9.1200,511200
2011-06-30,9.1200,9.2800,9.0200,9.2500,640200
2011-07-01,9.2700,9.4900,9.1414,9.4200,663700
2011-07-05,9.3900,9.4300,9.1500,9.2500,549600
2011-07-06,9.2100,9.4400,9.1500,9.3900,454900
2011-07-07,9.4500,9.6500,9.4000,9.6000,674300
2011-07-08,9.4500,9.5400,9.3500,9.3800,319400
2011-07-11,9.3000,9.3000,9.1000,9.1100,447300
2011-07-12,9.0600,9.3000,8.9900,9.1400,534900
2011-07-13,9.2000,9.3900,9.1112,9.3300,498300
2011-07-14,9.3600,9.4200,9.0900,9.1400,502200
2011-07-15,9.1700,9.2600,9.0900,9.1900,452300
2011-07-18,9.1500,9.1800,9.0000,9.1300,436800
2011-07-19,9.1800,9.3700,9.0600,9.3600,473200
2011-07-20,9.3600,9.5300,9.2700,9.5200,754600
2011-07-21,9.5600,9.8500,9.4280,9.8300,1226600
2011-07-22,9.8600,10.0000,9.7100,9.9300,884600
2011-07-25,9.7800,9.9000,9.7000,9.8000,532100
2011-07-26,9.7600,9.8800,9.7400,9.7600,1282200
2011-07-27,9.7000,9.7600,9.5600,9.5900,709500
2011-07-28,9.5800,9.7400,9.4600,9.6800,428900
2011-07-29,9.5700,9.7700,9.4900,9.6900,497200
2011-08-01,9.7900,9.8000,9.5500,9.6400,680300
2011-08-02,9.5500,9.6900,9.4100,9.4300,1063800
2011-08-03,9.4100,9.6100,9.2750,9.6000,1188100
2011-08-04,9.4600,9.6000,9.1200,9.1200,990500
2011-08-05,9.2300,9.2900,8.8400,8.9600,815600
2011-08-08,8.7500,9.0900,8.0300,8.0500,1344500
2011-08-09,8.2500,8.5300,7.7000,8.5300,1180600
2011-08-10,8.3100,8.4900,7.7100,7.7100,1491000
2011-08-11,7.7800,8.3400,7.7200,8.2600,1212400
2011-08-12,8.3600,8.4300,7.9800,8.0200,793900
2011-08-15,8.1500,8.2900,8.1500,8.2300,404300
2011-08-16,8.1600,8.3000,8.0800,8.1800,609100
2011-08-17,8.2600,8.3600,8.2000,8.2300,372800
2011-08-18,7.9800,8.0000,7.7200,7.8600,1077000
2011-08-19,7.7400,7.9700,7.6400,7.6600,889400
2011-08-22,7.9000,7.9000,7.6600,7.7500,487500
2011-08-23,7.8000,8.0800,7.7000,8.0500,650400
2011-08-24,8.0600,8.3100,7.9900,8.1700,798400
2011-08-25,8.3400,8.5100,7.9400,7.9800,738500
2011-08-26,7.9300,8.2100,7.8200,8.1500,653700
2011-08-29,8.2500,8.6300,8.2500,8.6200,623100
2011-08-30,8.5600,8.7300,8.3800,8.6600,737300
2011-08-31,8.7100,8.7800,8.5800,8.7300,679600
2011-09-01,8.7100,8.8200,8.3000,8.3100,498600
2011-09-02,8.1200,8.2400,7.9000,7.9700,808800
2011-09-06,7.7200,7.9600,7.7000,7.9400,655100
2011-09-07,8.0600,8.5700,8.0500,8.4600,741400
2011-09-08,8.3500,8.5300,8.1900,8.2200,673100
2011-09-09,8.1500,8.3577,7.7800,7.8800,1116600
2011-09-12,7.9700,8.1300,7.7300,7.9600,663100
2011-09-13,7.9900,8.2475,7.8600,8.1700,645700
2011-09-14,8.2400,8.4700,8.0200,8.3500,687700
2011-09-15,8.4200,8.5900,8.2400,8.5800,1062400
2011-09-16,8.6600,8.7100,8.3800,8.6100,1047400
2011-09-19,8.4100,8.4100,8.2000,8.2400,476300
2011-09-20,8.2800,8.3400,8.0100,8.0500,894400
2011-09-21,8.0500,8.0900,7.6600,7.6800,1161900
2011-09-22,7.4500,7.7500,7.4100,7.5700,1893900
2011-09-23,7.6200,7.7200,7.5000,7.6100,1001400
2011-09-26,7.6900,8.0400,7.5800,8.0300,756300
2011-09-27,8.2200,8.3500,8.0000,8.1200,853000
2011-09-28,8.0800,8.1900,7.6600,7.6600,612600
2011-09-29,7.8900,8.0400,7.7700,8.0200,625300
2011-09-30,7.8700,8.1500,7.6800,7.6900,762100
2011-10-03,7.5200,7.8000,7.3400,7.3400,1016600
2011-10-04,7.3000,8.0600,7.2800,8.0500,989500
2011-10-05,7.9000,8.2600,7.8300,8.1900,933200
2011-10-06,8.1500,8.4300,8.0800,8.3900,949300
2011-10-07,8.3900,8.4100,7.9000,7.9100,904700
2011-10-10,8.0500,8.4500,8.0500,8.4400,626400
2011-10-11,8.3300,8.6100,8.2800,8.5400,606400
2011-10-12,8.6000,8.9000,8.5500,8.7600,850400
2011-10-13,8.6400,8.6900,8.2500,8.4600,729300
2011-10-14,8.5900,8.7200,8.3800,8.6200,403300
2011-10-17,8.5700,8.6381,8.2100,8.2500,557600
2011-10-18,8.3100,9.0900,8.3100,8.9800,1186300
2011-10-19,8.9400,9.1750,8.8500,8.9800,1280300
2011-10-20,9.2000,9.4900,8.9300,9.2600,1640900
2011-10-21,9.5000,9.6700,9.3450,9.6600,3763900
2011-10-24,9.6000,9.9600,9.5000,9.8100,1184300
2011-10-25,9.7000,9.7000,9.2900,9.3300,981500
2011-10-26,9.5400,9.8700,9.1700,9.4800,1107500
2011-10-27,9.8600,10.0000,9.5900,9.9500,1406100
2011-10-28,9.8600,9.9800,9.6900,9.7800,995800
2011-10-31,9.6600,10.0000,9.5600,9.7100,880600
2011-11-01,9.4400,9.6300,9.2100,9.4700,2002000
2011-11-02,9.6500,9.9300,9.6000,9.9000,1118200
2011-11-03,9.9700,10.1200,9.7900,10.1000,1417000
2011-11-04,9.9400,10.1000,9.8800,10.0000,761200
2011-11-07,9.9600,10.0400,9.6900,9.9800,496600
2011-11-08,10.0100,10.2700,9.8000,10.2400,906100
2011-11-09,9.9900,10.1300,9.6200,9.6300,784600
2011-11-10,9.8200,9.8800,9.5600,9.7500,458100
2011-11-11,9.9000,10.0700,9.8600,9.9500,400000
2011-11-14,10.0000,10.0000,9.6600,9.7300,503200
2011-11-15,9.7000,9.9700,9.6201,9.9000,509300
2011-11-16,9.7600,10.0200,9.6700,9.7300,723900
2011-11-17,9.7600,10.0100,9.6500,9.7100,561700
2011-11-18,9.7300,9.9300,9.6701,9.8700,619300
2011-11-21,9.6700,9.8200,9.5000,9.5300,570600
2011-11-22,9.5100,9.6400,9.3900,9.4600,548600
2011-11-23,9.3900,9.4300,9.1100,9.1200,558200
2011-11-25,9.1000,9.3400,9.0200,9.0800,201200
2011-11-28,9.3700,9.4600,9.2600,9.4200,589200
2011-11-29,9.4200,9.4750,9.2500,9.2900,439800
2011-11-30,9.6100,9.8330,9.5800,9.8300,1409100
2011-12-01,9.7700,9.9400,9.6300,9.8100,555200
2011-12-02,9.9800,10.0500,9.8500,9.9000,1259900
2011-12-05,10.1000,10.1500,9.9550,10.0600,627900
2011-12-06,10.0400,10.1400,9.9300,10.0900,498700
2011-12-07,10.0000,10.1600,9.7300,10.1100,634300
2011-12-08,9.9800,10.0400,9.6300,9.6400,501300
2011-12-09,9.7200,10.1200,9.7000,10.0600,582100
2011-12-12,9.8800,9.8892,9.6100,9.7400,867100
2011-12-13,9.8400,9.8700,9.4400,9.5200,707800
2011-12-14,9.4100,9.6800,9.3700,9.3900,912900
2011-12-15,9.5800,9.6600,9.3700,9.4500,975800
2011-12-16,9.4500,9.6400,9.3850,9.4400,1781300
2011-12-19,9.5100,9.6400,9.2300,9.2600,769800
2011-12-20,9.5200,9.7600,9.4900,9.6600,1522000
2011-12-21,9.6700,9.8900,9.5300,9.8400,553700
2011-12-22,9.9300,10.2500,9.8700,10.0800,667600
2011-12-23,10.1300,10.1300,9.9700,10.0200,314150
2011-12-27,10.0200,10.1400,9.9600,10.1300,298275
2011-12-28,10.1200,10.1200,9.9250,9.9700,513800
2011-12-29,10.0200,10.2400,10.0000,10.2000,662000
2011-12-30,10.1600,10.1700,10.0300,10.0300,296400
2012-01-03,10.2500,10.4600,10.1700,10.3000,695700
2012-01-04,10.1600,10.3000,9.9902,10.2600,532800
2012-01-05,10.2200,10.4500,10.1000,10.3300,702200
2012-01-06,10.3500,10.3800,10.1500,10.2600,395000
2012-01-09,10.2600,10.5000,10.2104,10.4800,719800
2012-01-10,10.6700,10.8600,10.5500,10.6000,1267500
2012-01-11,10.5100,10.6300,10.4100,10.5800,322600
2012-01-12,10.5800,10.6600,10.3900,10.6300,369500
2012-01-13,10.4400,10.6900,10.4300,10.6300,867400
2012-01-17,10.7200,10.9300,10.7000,10.8800,1205000
2012-01-18,10.9200,11.2200,10.7800,11.2100,1252500
2012-01-19,10.9200,11.0550,10.1500,10.6600,2587100
2012-01-20,10.6300,10.9800,10.5700,10.9700,889400
2012-01-23,10.9500,11.1000,10.7900,10.9400,791700
2012-01-24,10.8700,10.9300,10.7000,10.8800,862600
2012-01-25,10.8900,10.9900,10.7500,10.9200,529400
2012-01-26,10.9500,10.9500,10.3600,10.4800,871600
2012-01-27,10.4200,10.6700,10.3800,10.5100,458200
2012-01-30,10.3800,10.5600,10.3700,10.4900,424800
2012-01-31,10.6000,10.6400,10.4700,10.5300,284800
2012-02-01,10.6100,10.8600,10.5900,10.8400,787700
2012-02-02,10.8300,10.9700,10.7500,10.8700,423600
2012-02-03,11.0100,11.2500,10.8815,11.1500,570600
2012-02-06,11.0700,11.1400,10.9900,11.0500,319100
2012-02-07,11.0400,11.1800,10.9700,11.0400,325400
2012-02-08,11.0300,11.1700,10.8600,11.0400,390900
2012-02-09,11.0400,11.1000,10.9400,11.0500,447100
2012-02-10,10.8900,11.0500,10.7400,10.7700,337400
2012-02-13,10.9000,11.1000,10.8100,11.0900,490300
2012-02-14,11.0500,11.0600,10.8400,11.0500,386100
2012-02-15,11.0600,11.1500,10.9500,11.0300,404900
2012-02-16,11.0300,11.3900,11.0000,11.3600,424000
2012-02-17,11.4000,11.4600,11.2900,11.3000,370200
2012-02-21,11.2600,11.4200,11.1600,11.3000,405900
2012-02-22,11.2500,11.3300,10.9500,10.9600,416400
2012-02-23,10.9600,11.3000,10.9100,11.2000,332900
2012-02-24,11.2000,11.2000,11.0100,11.0800,176100
2012-02-27,10.9700,11.0500,10.8600,10.9900,489400
2012-02-28,11.0200,11.0200,10.7800,10.8700,847900
2012-02-29,10.9300,11.0000,10.7200,10.7700,593400
2012-03-01,10.8500,11.0400,10.8300,10.8500,519900
2012-03-02,10.8500,10.9400,10.6300,10.6400,826200
2012-03-05,10.6100,10.7800,10.5700,10.7200,753900
2012-03-06,10.5600,10.6100,10.2600,10.2900,947300
2012-03-07,10.3700,10.5400,10.3100,10.5200,475700
2012-03-08,10.6100,10.7400,10.4600,10.6400,325300
2012-03-09,10.6300,10.8600,10.5650,10.7500,679900
2012-03-12,10.7800,10.8600,10.7000,10.8300,415400
2012-03-13,10.9500,11.1500,10.8300,11.1500,526000
2012-03-14,11.1200,11.2700,10.9900,11.1200,407100
2012-03-15,11.1800,11.3800,11.0400,11.3600,482800
2012-03-16,11.3900,11.5000,11.3100,11.4100,928600
2012-03-19,11.4000,11.6500,11.0200,11.5400,585200
2012-03-20,11.4200,11.4800,11.2600,11.3300,565800
2012-03-21,11.8300,11.9700,11.6300,11.8200,2869900
2012-03-22,11.5900,11.6599,11.4100,11.4900,1442000
2012-03-23,11.4600,11.6200,11.3700,11.5900,874200
2012-03-26,11.6800,11.8600,11.5000,11.8500,11390700
2012-03-27,11.8300,11.9500,11.6900,11.6900,1412300
2012-03-28,11.7000,11.9000,11.6500,11.7600,843600
2012-03-29,11.6500,11.7900,11.5100,11.7800,744600
2012-03-30,11.9000,11.9000,11.6300,11.7400,833900
2012-04-02,11.6000,11.8000,11.5100,11.8000,756800
2012-04-03,11.7400,11.8050,11.6100,11.7500,765800
2012-04-04,11.6000,11.6800,11.4500,11.5100,547800
2012-04-05,11.4300,11.5200,11.3900,11.4300,635400
2012-04-09,11.2400,11.3700,11.1400,11.2800,725000
2012-04-10,11.2700,11.3300,11.1800,11.2200,1200200
2012-04-11,11.3700,11.5200,11.3206,11.4450,639000
2012-04-12,11.4600,11.6300,11.4300,11.5900,543800
2012-04-13,11.5000,11.6200,11.1900,11.1900,681500
2012-04-16,11.2700,11.3600,11.1800,11.3000,1238600
2012-04-17,11.4500,11.7200,11.4500,11.5900,586800
2012-04-18,11.4800,11.5200,11.3000,11.3600,687700
2012-04-19,11.3800,11.5000,11.2000,11.3600,824100
2012-04-20,11.4900,11.6500,11.4100,11.5500,717100
2012-04-23,11.3900,11.5500,11.2000,11.4600,957300
2012-04-24,11.5300,11.7400,11.5300,11.6600,692500
2012-04-25,11.7900,11.9000,11.7000,11.8200,630300
2012-04-26,11.7600,11.8600,11.7300,11.8100,399700
2012-04-27,11.8200,11.9200,11.7400,11.8700,472600
2012-04-30,11.8200,11.9100,11.5500,11.5700,503300
2012-05-01,11.5600,11.8900,11.4300,11.5400,873300
2012-05-02,11.4900,11.5700,11.3700,11.5500,674900
2012-05-03,11.5600,11.6500,11.4300,11.4700,536800
2012-05-04,11.4000,11.4500,11.1700,11.2100,668600
2012-05-07,11.1500,11.5100,11.1500,11.4400,931700
2012-05-08,11.3200,11.5001,11.3200,11.4700,543100
2012-05-09,11.3988,11.4500,11.2200,11.3300,545100
2012-05-10,11.4400,11.5800,11.3900,11.5200,422000
2012-05-11,11.3800,11.6100,11.3200,11.4300,419100
2012-05-14,11.2800,11.4200,11.2100,11.2100,332700
2012-05-15,11.1800,11.3400,11.0900,11.1400,286000
2012-05-16,11.1600,11.3200,11.0700,11.0700,365100
2012-05-17,11.0600,11.1000,10.8100,10.8100,637000
2012-05-18,10.7500,10.9800,10.7200,10.7300,453000
2012-05-21,10.7500,10.9500,10.6800,10.7800,517100
2012-05-22,10.7700,11.0000,10.7100,10.7400,502000
2012-05-23,10.6100,10.9000,10.6000,10.8800,342000
2012-05-24,10.9200,10.9900,10.7800,10.9800,268000
2012-05-25,10.9900,11.0489,10.8900,10.9500,250900
2012-05-29,10.9800,11.2500,10.9100,11.0600,299300
2012-05-30,10.9100,10.9700,10.8399,10.8500,334000
2012-05-31,10.8500,11.0200,10.7100,10.8900,445100
2012-06-01,10.6800,10.7700,10.3400,10.3700,738000
2012-06-04,10.4300,10.6464,10.1600,10.2300,540500
2012-06-05,10.1600,10.3750,10.1600,10.2400,574200
2012-06-06,10.3000,10.4800,10.2200,10.4800,346600
2012-06-07,10.6100,10.6600,10.4800,10.5400,374800
2012-06-08,10.4800,10.7700,10.4250,10.7100,261400
2012-06-11,10.8400,10.8500,10.5100,10.5300,487100
2012-06-12,10.5700,10.6600,10.4500,10.6600,233500
2012-06-13,10.5900,10.8300,10.4900,10.6100,418900
2012-06-14,10.6400,10.8300,10.5700,10.7900,333700
2012-06-15,10.7800,10.9600,10.7100,10.9300,1263000
2012-06-18,10.8400,11.0300,10.7700,10.8900,291800
2012-06-19,10.9200,11.1200,10.8800,11.0800,327700
2012-06-20,11.0700,11.1300,10.9400,11.1000,375800
2012-06-21,11.0600,11.1200,10.8000,10.8050,359400
2012-06-22,10.9100,11.1000,10.8300,11.0400,448300
2012-06-25,10.8400,10.9300,10.7700,10.8650,296400
2012-06-26,10.8600,11.0000,10.8400,10.9500,398900
2012-06-27,11.0000,11.3000,10.9800,11.2900,513900
2012-06-28,11.3700,11.4000,11.1000,11.4000,390900
2012-06-29,11.5000,11.6900,11.5000,11.6500,509900
2012-07-02,11.6300,11.7200,11.5000,11.7000,623100
2012-07-03,11.7400,11.8000,11.6200,11.8000,229000
2012-07-05,11.7200,11.8300,11.6900,11.7500,379300
2012-07-06,11.6000,11.7800,11.6000,11.6500,237900
2012-07-09,11.6100,11.6500,11.4700,11.5800,274500
2012-07-10,11.6800,11.7300,11.4000,11.5200,268800
2012-07-11,11.5300,11.6900,11.4800,11.6400,282600
2012-07-12,11.5200,11.6300,11.4700,11.5400,462200
2012-07-13,11.6200,11.8000,11.5800,11.7500,332900
2012-07-16,11.7600,11.7894,11.6400,11.6800,329600
2012-07-17,11.7400,11.7800,11.5601,11.7600,454800
2012-07-18,11.7300,11.9000,11.6300,11.7500,307200
2012-07-19,11.9500,12.0000,11.5400,11.5800,455200
2012-07-20,11.4900,11.7200,11.4900,11.6400,633500
2012-07-23,11.4700,11.6000,11.4500,11.5200,538300
2012-07-24,11.6000,11.6500,11.4500,11.5400,435700
2012-07-25,11.6000,11.6000,11.4600,11.4900,388200
2012-07-26,11.6500,11.7500,11.5900,11.7050,496000
2012-07-27,11.7300,11.9700,11.6100,11.8900,490600
2012-07-30,11.8700,11.9800,11.8000,11.8300,499100
2012-07-31,11.8100,11.9700,11.7800,11.8000,547100
2012-08-01,11.8300,11.9000,11.6000,11.6000,556400
2012-08-02,11.5400,11.6300,11.3500,11.4700,488500
2012-08-03,11.5600,11.7900,11.5600,11.7400,542100
2012-08-06,11.7700,12.0000,11.7200,11.7600,796000
2012-08-07,11.8400,11.9900,11.8100,11.8800,417500
2012-08-08,11.7800,12.0000,11.7800,11.9100,350400
2012-08-09,11.8700,11.9200,11.7825,11.8000,315300
2012-08-10,11.7800,11.7800,11.6800,11.7600,235500
2012-08-13,11.7600,11.7900,11.6400,11.7800,174300
2012-08-14,11.8000,11.9700,11.7000,11.9100,582500
2012-08-15,11.8500,11.9800,11.8500,11.9600,211600
2012-08-16,11.9500,12.0000,11.8600,11.9800,248200
2012-08-17,11.9400,12.1100,11.9300,12.1000,328100
2012-08-20,12.0900,12.2000,12.0300,12.1400,260200
2012-08-21,12.2100,12.3800,12.0700,12.1300,317700
2012-08-22,12.1000,12.1800,11.9500,12.0000,203400
2012-08-23,12.0000,12.0100,11.8000,11.8200,251500
2012-08-24,11.8000,11.9700,11.8000,11.8800,141300
2012-08-27,11.9200,12.0200,11.8650,11.9300,134700
2012-08-28,11.9400,12.0600,11.9006,11.9900,359600
2012-08-29,12.0400,12.0900,11.9900,12.0200,433300
2012-08-30,11.9700,12.1200,11.9300,11.9600,289200
2012-08-31,12.0600,12.0600,11.8100,11.9500,840700
2012-09-04,11.9300,12.0600,11.8400,12.0400,481900
2012-09-05,12.0900,12.0900,11.8600,11.9800,646600
2012-09-06,12.0300,12.3000,12.0195,12.2100,456000
2012-09-07,12.3000,12.4600,12.2800,12.3900,360200
2012-09-10,12.3400,12.3700,12.2600,12.2700,300700
2012-09-11,12.2500,12.4400,12.2200,12.3500,215000
2012-09-12,12.4000,12.4700,12.2501,12.4200,274800
2012-09-13,12.4300,12.7700,12.3100,12.6000,567000
2012-09-14,12.6600,12.9500,12.6300,12.7400,668600
2012-09-17,12.6400,12.7400,12.3900,12.4200,571800
2012-09-18,12.4400,12.5400,12.3700,12.4200,417100
2012-09-19,12.4600,12.5200,12.3300,12.3600,386700
2012-09-20,12.3100,12.3700,12.1600,12.2500,369700
2012-09-21,12.4100,12.4600,12.0800,12.1000,3094400
2012-09-24,12.0800,12.3000,12.0800,12.2900,564800
2012-09-25,12.3500,12.4000,12.0800,12.0800,479800
2012-09-26,12.1000,12.2000,11.8000,12.0400,386900
2012-09-27,12.0800,12.1100,12.0000,12.0800,425900
2012-09-28,12.0000,12.0600,11.8800,11.9402,403100
2012-10-01,11.9100,11.9400,11.7700,11.8800,383700
2012-10-02,11.9100,11.9300,11.6900,11.7300,677800
2012-10-03,11.7300,11.9100,11.7100,11.8500,323900
2012-10-04,11.9200,12.0100,11.8000,11.9901,354700
2012-10-05,12.0300,12.1700,11.9500,12.0200,307900
2012-10-08,11.9400,11.9950,11.8500,11.8700,403600
2012-10-09,11.9100,11.9500,11.7800,11.7900,250500
2012-10-10,11.8100,11.9000,11.7400,11.8400,383500
2012-10-11,11.9100,11.9700,11.8100,11.9400,404900
2012-10-12,11.8800,11.9600,11.7101,11.7500,718300
2012-10-15,11.8100,11.9100,11.7200,11.7600,740800
2012-10-16,11.8200,11.8300,11.5400,11.5700,875900
2012-10-17,11.6200,11.6900,11.3900,11.6000,1270400
2012-10-18,11.6200,11.6200,11.3100,11.3200,887100
2012-10-19,11.2600,11.4300,11.1100,11.1900,725600
2012-10-22,11.2000,11.2387,11.1000,11.1800,442100
2012-10-23,11.0200,11.0800,10.8800,11.0200,754500
2012-10-24,11.1000,11.1200,10.9400,10.9800,370300
2012-10-25,11.0500,11.1000,10.8800,10.9900,611500
2012-10-26,10.9800,11.0300,10.8100,10.8500,408300
2012-10-31,10.8900,10.8900,10.7000,10.8200,717800
2012-11-01,10.8600,11.1200,10.8200,11.0200,472200
2012-11-02,11.0300,11.1400,10.8400,10.9400,545400
2012-11-05,10.9200,11.0000,10.8100,10.9800,575800
2012-11-06,10.9900,11.1000,10.8500,10.8600,478100
2012-11-07,10.7700,10.8391,10.3400,10.3400,581600
2012-11-08,10.3600,10.3900,10.1000,10.1200,434400
2012-11-09,10.0400,10.3000,10.0100,10.2100,564400
2012-11-12,10.2500,10.2700,10.1200,10.2300,456900
2012-11-13,10.1500,10.2300,9.9200,9.9400,333900
2012-11-14,9.9500,10.1000,9.5900,9.6100,558700
2012-11-15,9.5300,9.6700,9.4300,9.6100,562200
2012-11-16,9.5900,9.7100,9.4900,9.6600,434600
2012-11-19,9.7500,9.8500,9.6800,9.8500,446400
2012-11-20,9.8600,10.0400,9.8500,9.9900,412500
2012-11-21,9.9900,9.9990,9.8400,9.9400,282000
2012-11-23,9.9900,10.2400,9.9400,10.2300,148300
2012-11-26,10.1900,10.2500,10.0800,10.2300,253300
2012-11-27,10.2100,10.2300,9.9700,9.9900,525200
2012-11-28,9.9300,10.1150,9.8700,10.1100,466200
2012-11-29,10.1900,10.2400,10.1000,10.1400,245500
2012-11-30,10.1800,10.2200,10.0000,10.1600,504800
2012-12-03,10.1300,10.1900,9.9900,10.0598,333100
2012-12-04,10.0400,10.1300,9.9900,10.1200,429400
2012-12-05,10.1400,10.2200,10.0500,10.0600,219600
2012-12-06,10.0700,10.1100,9.9800,10.0800,223300
2012-12-07,10.1200,10.1400,9.9800,10.1000,211500
2012-12-10,10.1000,10.1600,10.0600,10.1300,245600
2012-12-11,10.2000,10.3000,10.1300,10.2000,561300
2012-12-12,10.2300,10.2400,9.9850,10.0200,336600
2012-12-13,10.0000,10.0200,9.9000,9.9400,234200
2012-12-14,9.9400,9.9400,9.7700,9.8500,350700
2012-12-17,9.8800,10.0000,9.8800,9.9750,505900
2012-12-18,10.0000,10.2100,9.9700,10.2000,1445000
2012-12-19,10.2400,10.3600,10.1100,10.2600,616900
2012-12-20,10.3200,10.4900,10.3200,10.4500,652000
2012-12-21,10.3600,10.5300,10.2700,10.5290,2190400
2012-12-24,10.5500,10.5800,10.3500,10.4400,182700
2012-12-26,10.4300,10.4700,10.3400,10.4000,321800
2012-12-27,10.3800,10.4700,10.2200,10.3900,595000
2012-12-28,10.3500,10.4200,10.2911,10.3400,283100
2012-12-31,10.3200,10.4300,10.2700,10.4000,398000
2013-01-02,10.6500,10.8400,10.5925,10.8300,720900
2013-01-03,10.8200,11.0300,10.7500,11.0000,747400
2013-01-04,11.0600,11.1800,11.0300,11.1600,527900
2013-01-07,11.0900,11.1600,11.0200,11.0400,332200
2013-01-08,11.0600,11.1000,10.9900,11.0100,262600
2013-01-09,11.0700,11.1700,11.0007,11.0800,973700
2013-01-10,11.1500,11.1900,11.0800,11.1000,202800
2013-01-11,11.1200,11.1500,10.8900,11.0000,409800
2013-01-14,10.9500,11.0500,10.8300,11.0300,424500
2013-01-15,10.9900,11.0500,10.9500,11.0300,341300
2013-01-16,11.0100,11.0400,10.9500,11.0200,402400
2013-01-17,11.1500,11.2600,10.9500,11.1300,635000
2013-01-18,11.0900,11.1800,10.9200,10.9800,350900
2013-01-22,10.9500,11.1100,10.9200,11.0900,368500
2013-01-23,11.0600,11.0800,10.9950,11.0100,292700
2013-01-24,11.0000,11.0200,10.8800,10.9300,432100
2013-01-25,11.0100,11.0500,10.8500,10.9800,232800
2013-01-28,11.0100,11.0700,10.9000,11.0600,311600
2013-01-29,11.0600,11.0700,10.9700,11.0700,379300
2013-01-30,11.0400,11.0600,10.9400,11.0000,249900
2013-01-31,10.9900,11.0700,10.9500,11.0000,359100
2013-02-01,11.0700,11.3601,11.0200,11.3100,609400
2013-02-04,11.2500,11.2900,11.0100,11.0300,291600
2013-02-05,11.0700,11.1300,10.9300,10.9600,597400
2013-02-06,10.9200,11.0200,10.8150,11.0100,502900
2013-02-07,11.0300,11.0400,10.8900,10.9900,350300
2013-02-08,11.0000,11.0300,10.9500,10.9900,395800
2013-02-11,11.0000,11.0050,10.9300,10.9700,223300
2013-02-12,10.9500,11.0100,10.9000,10.9700,524800
2013-02-13,11.0000,11.0300,10.8500,10.9900,486100
2013-02-14,10.9700,11.0000,10.8800,10.9200,157200
2013-02-15,10.9800,10.9800,10.8300,10.9200,401400
2013-02-19,10.9400,11.0300,10.9400,11.0000,540800
2013-02-20,11.0000,11.0400,10.8700,10.9000,428900
2013-02-21,10.8700,10.9900,10.8300,10.8500,415700
2013-02-22,10.9300,10.9700,10.8400,10.9700,158000
2013-02-25,10.9900,11.0000,10.6000,10.6100,367200
2013-02-26,10.7000,10.7200,10.4600,10.6950,347400
2013-02-27,10.6600,10.7450,10.4500,10.6200,398100
2013-02-28,10.5900,10.7000,10.5700,10.6000,313800
2013-03-01,10.5000,10.6100,10.4200,10.5000,1206200
2013-03-04,10.5000,10.5800,10.4650,10.5200,1065200
2013-03-05,10.5500,10.9500,10.5500,10.7400,1632400
2013-03-06,10.7600,10.8600,10.7500,10.8000,347500
2013-03-07,10.8000,10.9400,10.7500,10.8900,332600
2013-03-08,10.9600,10.9800,10.8700,10.8800,509200
2013-03-11,10.8400,10.9501,10.7700,10.9300,690100
2013-03-12,10.8850,11.0500,10.8700,11.0200,583400
2013-03-13,11.0000,11.0600,10.9800,11.0200,284300
2013-03-14,11.0200,11.2000,11.0000,11.1800,307600
2013-03-15,11.2100,11.3050,11.2000,11.2700,1541700
2013-03-18,11.1100,11.2500,11.1100,11.2100,507900
2013-03-19,11.2100,11.4600,11.2000,11.3500,786500
2013-03-20,11.4100,11.4900,11.3400,11.4200,132739
2013-03-21,11.3200,11.4500,11.3000,11.3800,470200
2013-03-22,11.3900,11.4100,11.3300,11.3400,360300
2013-03-25,11.3600,11.4750,11.3100,11.3700,398800
2013-03-26,11.4500,11.4800,11.3600,11.3700,297900
2013-03-27,11.3100,11.4400,11.2000,11.3700,741900
2013-03-28,11.4000,11.4400,11.2700,11.2700,403900
2013-04-01,11.1500,11.1600,10.9300,11.0000,636300
2013-04-02,11.0400,11.0700,10.9600,11.0100,596700
2013-04-03,10.9900,11.0400,10.7900,10.8500,748300
2013-04-04,10.8700,10.9600,10.8150,10.9200,241900
2013-04-05,10.7300,10.9300,10.6800,10.9300,507100
2013-04-08,10.9500,10.9700,10.7800,10.9600,333000
2013-04-09,10.9600,11.0200,10.8900,10.9400,302400
2013-04-10,10.9600,11.1800,10.9600,11.1400,258000
2013-04-11,11.1000,11.1600,11.0500,11.0700,183800
2013-04-12,11.0300,11.0850,10.9500,11.0800,279700
2013-04-15,11.0400,11.0900,10.6900,10.7600,648200
2013-04-16,10.8300,10.8300,10.6600,10.7800,378100
2013-04-17,10.7000,10.8200,10.5000,10.6200,406100
2013-04-18,10.6700,10.9650,10.4900,10.5800,601800
2013-04-19,10.5100,10.6100,10.4400,10.5000,925900
2013-04-22,10.4600,10.6050,10.2900,10.3100,484900
2013-04-23,10.3700,10.6600,10.3700,10.6600,949800
2013-04-24,10.6400,10.8300,10.6000,10.8200,313100
2013-04-25,10.8400,10.9400,10.8000,10.8100,570600
2013-04-26,10.7900,10.7900,10.6350,10.7200,439900
2013-04-29,10.7300,10.8400,10.7300,10.8400,221900
2013-04-30,10.8500,10.9000,10.7600,10.8700,214200
2013-05-01,10.8200,10.8300,10.4900,10.4900,669200
2013-05-02,10.5100,10.6600,10.4400,10.5900,277500
2013-05-03,10.7000,10.8950,10.5800,10.7600,315400
2013-05-06,10.7400,10.9700,10.7300,10.9600,191100
2013-05-07,11.0000,11.1900,10.9600,11.1800,253300
2013-05-08,11.1100,11.2450,11.0800,11.2100,135700
2013-05-09,11.2000,11.2500,11.1200,11.1300,154400
2013-05-10,11.1600,11.2200,11.0200,11.2000,301200
2013-05-13,11.1200,11.1800,11.0400,11.1400,328200
2013-05-14,11.1200,11.3300,11.1200,11.3100,319900
2013-05-15,11.2900,11.3900,11.2300,11.3500,245100
2013-05-16,11.2800,11.4300,11.2000,11.2700,217100
2013-05-17,11.3200,11.4500,11.3200,11.4350,274600
2013-05-20,11.3800,11.6200,11.3400,11.6000,283400
2013-05-21,11.5800,11.6100,11.4700,11.5300,264900
2013-05-22,11.5500,11.6700,11.2500,11.3200,378300
2013-05-23,11.2400,11.3500,11.1200,11.2700,304700
2013-05-24,11.1900,11.4000,11.1600,11.3900,153400
2013-05-28,11.5700,11.7400,11.5200,11.6900,450200
2013-05-29,11.5800,11.7400,11.5400,11.6000,230000
2013-05-30,11.6200,11.7400,11.5500,11.7000,242200
2013-05-31,11.6200,11.6800,11.4600,11.4700,289400
2013-06-03,11.4800,11.5950,11.2900,11.4700,712800
2013-06-04,11.5100,11.5750,11.3200,11.3900,476500
2013-06-05,11.3700,11.4700,11.2500,11.2900,435600
2013-06-06,11.2600,11.4300,11.1800,11.4000,367400
2013-06-07,11.5000,11.5200,11.3700,11.4800,320600
2013-06-10,11.5000,11.5700,11.4100,11.5500,281700
2013-06-11,11.4300,11.4400,11.0200,11.2600,675200
2013-06-12,11.3600,11.3600,11.0300,11.0300,1101800
2013-06-13,11.0000,11.0500,10.9700,11.0000,854900
2013-06-14,11.0000,11.0700,10.9200,11.0500,983100
2013-06-17,11.1500,11.2000,11.0400,11.1200,361000
2013-06-18,11.1500,11.3400,11.0300,11.3300,538700
2013-06-19,11.3500,11.4500,11.2200,11.2700,270400
2013-06-20,11.1300,11.4250,11.1100,11.3100,537200
2013-06-21,11.3700,11.4500,11.2800,11.4400,1072100
2013-06-24,11.3500,11.5000,11.2300,11.4000,543000
2013-06-25,11.4700,11.7500,11.3550,11.7100,459600
2013-06-26,11.8400,11.9100,11.6500,11.7100,379000
2013-06-27,11.8100,11.9900,11.6720,11.8800,343100
2013-06-28,11.8000,11.8300,11.7200,11.7600,683100
2013-07-01,11.7000,12.1500,11.6500,12.0200,473200
2013-07-02,11.9900,12.1100,11.9100,12.0300,611300
2013-07-03,11.9900,12.0700,11.9400,12.0700,247600
2013-07-05,12.2000,12.3900,12.0900,12.3900,525900
2013-07-08,12.4500,12.4700,12.3300,12.3300,565900
2013-07-09,12.4300,12.4800,12.2100,12.4500,460500
2013-07-10,12.4900,12.5000,12.2800,12.4700,748500
2013-07-11,12.5700,12.5900,12.3400,12.3800,1378200
2013-07-12,12.4000,12.4800,12.3600,12.4600,443200
2013-07-15,12.5100,12.7300,12.4600,12.6500,373800
2013-07-16,12.6700,12.6900,12.4450,12.5700,554400
2013-07-17,12.6000,12.7300,12.4600,12.6800,826000
2013-07-18,12.7400,13.4200,12.6700,13.3900,1203500
2013-07-19,13.2100,13.4800,13.2100,13.4800,675000
2013-07-22,13.4000,13.4500,13.1600,13.2900,1135700
2013-07-23,13.2700,13.4600,13.1700,13.4200,936200
2013-07-24,13.5000,13.7600,13.4200,13.6200,679100
2013-07-25,13.5600,13.6700,13.3700,13.4300,546600
2013-07-26,13.2800,13.3900,13.1800,13.2700,379600
2013-07-29,13.2900,13.2900,13.0000,13.1000,382500
2013-07-30,13.1800,13.2400,12.9900,13.0600,360300
2013-07-31,13.1200,13.2500,13.0900,13.0900,514400
2013-08-01,13.2400,13.5650,13.0600,13.5500,1111500
2013-08-02,13.5300,13.6400,13.4600,13.5400,825600
2013-08-05,13.5600,13.6900,13.4000,13.5900,1253300
2013-08-06,13.5600,13.6000,13.3600,13.4000,402500
2013-08-07,13.3900,13.4000,13.1800,13.2900,277000
2013-08-08,13.3900,13.4900,13.1200,13.1400,461200
2013-08-09,13.0900,13.2200,13.0500,13.1300,511800
2013-08-12,13.0500,13.2600,13.0500,13.2400,476700
2013-08-13,13.2700,13.4200,13.1100,13.3400,339900
2013-08-14,13.3100,13.4200,13.2700,13.4100,655200
2013-08-15,13.3000,13.3300,13.1200,13.1650,358200
2013-08-16,13.1200,13.3400,13.1200,13.2300,476800
2013-08-19,13.2400,13.3699,13.0300,13.0800,317200
2013-08-20,13.1000,13.3900,13.1000,13.3500,375400
2013-08-21,13.3100,13.3600,13.1400,13.2000,407000
2013-08-22,13.2400,13.4700,13.2300,13.4000,163600
2013-08-23,13.3900,13.4200,13.2500,13.3200,260600
2013-08-26,13.5300,13.5350,13.2100,13.2500,312500
2013-08-27,13.1000,13.1900,12.7500,12.8000,560200
2013-08-28,12.7800,12.9400,12.7400,12.8200,256700
2013-08-29,12.8200,12.9900,12.7500,12.9100,195400
2013-08-30,12.8900,12.9000,12.6700,12.7400,309700
2013-09-03,12.8500,13.0400,12.5700,12.7600,306200
2013-09-04,12.7700,12.9400,12.7300,12.8000,326900
2013-09-05,12.8800,13.1500,12.8400,13.1200,676100
2013-09-06,13.1800,13.2250,12.8700,13.1400,501300
2013-09-09,13.1500,13.2700,13.0500,13.2600,379000
2013-09-10,13.3000,13.3800,13.1700,13.3400,363300
2013-09-11,13.3300,13.3700,13.1900,13.1900,340900
2013-09-12,13.1400,13.2400,13.0300,13.0900,323600
2013-09-13,13.1500,13.2200,12.9500,13.2100,238800
2013-09-16,13.3400,13.3760,13.1800,13.2700,361100
2013-09-17,13.2400,13.5300,13.0800,13.5200,353300
2013-09-18,13.5100,13.7650,13.4400,13.4800,797900
2013-09-19,13.4900,13.7400,13.2000,13.2800,724900
2013-09-20,13.2800,13.4600,13.2700,13.4500,2390000
2013-09-23,13.4300,13.5800,13.2000,13.5200,499000
2013-09-24,13.5400,13.7500,13.4600,13.5500,391500
2013-09-25,13.6000,13.7600,13.4500,13.6100,543500
2013-09-26,13.6700,13.7000,13.4100,13.5200,363500
2013-09-27,13.4100,13.5600,13.3410,13.4300,427100
2013-09-30,13.2000,13.5300,13.0700,13.5200,683900
2013-10-01,13.5500,13.7900,13.4000,13.7800,579900
2013-10-02,13.7100,13.8100,13.6000,13.7100,626600
2013-10-03,13.7000,13.7300,13.5700,13.6700,533800
2013-10-04,13.6400,13.9500,13.6150,13.8400,677200
2013-10-07,13.7500,13.8300,13.5100,13.5100,378400
2013-10-08,13.5000,13.5500,13.3200,13.3200,399100
2013-10-09,13.3400,13.4400,13.2800,13.3500,461100
2013-10-10,13.5000,13.6200,13.3300,13.5900,312300
2013-10-11,13.5200,13.9600,13.3700,13.9500,513300
2013-10-14,13.9000,14.0100,13.8700,13.9900,514600
2013-10-15,13.9500,14.0000,13.8050,13.8200,461400
2013-10-16,13.9000,14.1400,13.9000,14.0200,603300
2013-10-17,14.0000,14.1200,13.8200,14.0600,1432800
2013-10-18,14.2000,14.3000,14.0300,14.2500,806400
2013-10-21,14.2600,14.3600,14.1300,14.2800,333200
2013-10-22,14.3000,14.4000,14.2200,14.3700,341600
2013-10-23,14.3300,14.3300,14.1600,14.2600,369300
2013-10-24,14.3700,14.5250,14.1700,14.5100,479400
2013-10-25,14.5700,14.7100,14.4600,14.5600,590700
2013-10-28,14.6100,14.7900,14.5700,14.7300,572300
2013-10-29,14.7700,14.9100,14.5400,14.7200,403300
2013-10-30,14.7600,14.7900,14.7000,14.7100,544100
2013-10-31,14.7000,14.7500,14.5200,14.5400,444600
2013-11-01,14.4900,14.6100,14.3000,14.4400,510100
2013-11-04,14.4700,14.4700,14.3100,14.4700,467700
2013-11-05,14.4500,14.6000,14.3350,14.5000,212900
2013-11-06,14.6100,14.7700,14.4900,14.7000,236200
2013-11-07,14.7300,14.7600,14.3600,14.4200,463100
2013-11-08,14.4100,15.0300,14.4100,14.8900,692600
2013-11-11,14.9000,14.9000,14.7300,14.8200,264300
2013-11-12,14.8400,14.9400,14.6950,14.7500,336800
2013-11-13,14.7000,14.8650,14.6000,14.8300,303100
2013-11-14,14.8500,14.9300,14.7650,14.8800,194900
2013-11-15,14.8500,14.8900,14.6400,14.8500,409600
2013-11-18,14.8600,15.1300,14.7600,14.8900,384600
2013-11-19,14.9100,14.9500,14.7600,14.9200,404600
2013-11-20,14.9800,15.0500,14.8800,14.9600,394500
2013-11-21,15.0100,15.4600,14.9900,15.3600,531300
2013-11-22,15.4100,15.5450,15.3100,15.5400,352000
2013-11-25,15.5900,15.7000,15.5500,15.7000,327500
2013-11-26,15.7500,15.9800,15.6500,15.9800,410900
2013-11-27,16.0000,16.1900,15.9300,16.0100,511100
2013-11-29,16.1100,16.2250,16.0100,16.1400,213300
2013-12-02,16.1000,16.2200,15.9400,15.9700,539700
2013-12-03,15.9100,16.0300,15.7700,15.8800,449900
2013-12-04,15.8300,16.0800,15.7400,15.9200,416300
2013-12-05,15.8800,16.1300,15.8300,16.0900,549100
2013-12-06,16.3000,16.4700,16.2400,16.4500,670800
2013-12-09,16.4500,16.6100,16.3550,16.6000,856300
2013-12-10,16.5800,16.8800,16.4900,16.5400,945500
2013-12-11,16.5400,16.6300,16.1150,16.1900,890900
2013-12-12,16.2200,16.3800,16.1600,16.2500,393200
2013-12-13,16.3200,16.4100,16.1050,16.2400,377800
2013-12-16,16.3600,16.7000,16.2100,16.6750,454100
2013-12-17,16.7100,16.7300,16.5200,16.6800,419400
2013-12-18,16.6900,16.9800,16.5200,16.9700,616900
2013-12-19,16.9500,17.0000,16.7000,16.7200,432100
2013-12-20,16.8000,17.0400,16.6700,16.9600,1315500
2013-12-23,17.0000,17.2400,16.9400,17.1900,635700
2013-12-24,17.2200,17.2600,17.1800,17.1900,241800
2013-12-26,17.2300,17.3200,17.1900,17.2900,200800
2013-12-27,17.3600,17.4775,17.1800,17.2800,388100
2013-12-30,17.2200,17.3100,17.0900,17.1300,299500
2013-12-31,17.0700,17.1500,16.9900,17.0700,361500
2014-01-02,17.0300,17.0300,16.7600,16.7600,593600
2014-01-03,16.7800,16.9300,16.6800,16.7600,281900
2014-01-06,16.8400,16.9500,16.6600,16.6700,399600
2014-01-07,16.4400,16.8100,16.3600,16.6800,639400
2014-01-08,16.7200,16.8000,16.5500,16.6600,531400
2014-01-09,16.7700,16.8700,16.6300,16.7800,356800
2014-01-10,16.8100,16.8100,16.5300,16.7200,312300
2014-01-13,16.6800,16.7100,16.3700,16.5200,391500
2014-01-14,16.6400,16.6400,16.4800,16.5500,339400
2014-01-15,16.5600,16.7900,16.5300,16.6300,416100
2014-01-16,16.5600,16.7500,16.4000,16.4300,387800
2014-01-17,16.4600,16.6700,16.2800,16.6000,542500
2014-01-21,16.6300,17.0100,16.5700,16.9300,560400
2014-01-22,17.0000,17.0800,16.7300,16.9500,360900
2014-01-23,16.9200,16.9200,16.0300,16.3100,868800
2014-01-24,16.1500,16.1500,15.7300,15.8100,675800
2014-01-27,16.0900,16.0900,15.3800,15.3900,668900
2014-01-28,15.3900,15.6600,15.2400,15.5900,599400
2014-01-29,15.5100,15.7300,15.3000,15.3000,838600
2014-01-30,15.4300,15.5900,15.2540,15.3100,650100
2014-01-31,15.0100,15.3020,14.8900,14.9200,539000
2014-02-03,14.9000,14.9150,14.3500,14.3600,723200
2014-02-04,14.4100,14.8000,14.2300,14.6600,565700
2014-02-05,14.6200,14.9150,14.5500,14.7500,683800
2014-02-06,14.7400,14.8100,14.6100,14.7100,595900
2014-02-07,14.7900,14.9710,14.6900,14.8400,572000
2014-02-10,14.8300,14.8800,14.6200,14.8000,735200
2014-02-11,14.8200,15.0300,14.6540,14.9600,1039500
2014-02-12,15.0000,15.1700,14.8700,14.9200,623700
2014-02-13,14.8000,14.9700,14.6500,14.9400,458400
2014-02-14,14.9400,15.1400,14.8020,15.0800,317000
2014-02-18,15.0900,15.3700,15.0320,15.3100,377600
2014-02-19,15.6200,15.6900,14.8250,14.8400,1040200
2014-02-20,14.8600,14.9800,14.6500,14.7300,613200
2014-02-21,14.8000,15.0100,14.7520,14.9100,721600
2014-02-24,14.9100,15.4700,14.9100,15.3600,533900
2014-02-25,15.3800,15.3880,15.1000,15.1400,468400
2014-02-26,15.1300,15.4100,15.0500,15.3200,435200
2014-02-27,15.2800,15.4300,15.1100,15.4100,512200
2014-02-28,15.4500,15.7600,15.3180,15.5700,692400
2014-03-03,15.4600,15.6000,15.2800,15.5200,471100
2014-03-04,15.7400,16.1850,15.5300,16.0250,793300
2014-03-05,16.0000,16.0100,15.8180,15.9900,293900
2014-03-06,15.9900,16.2000,15.8760,16.1100,260500
2014-03-07,16.2500,16.4900,16.0960,16.2200,349300
2014-03-10,16.1800,16.3800,16.0300,16.1300,592700
2014-03-11,16.1000,16.1000,15.8400,15.9900,643600
2014-03-12,15.9500,16.0100,15.7300,16.0000,430600
2014-03-13,16.0000,16.0200,15.7400,15.8400,421000
2014-03-14,15.7700,16.1100,15.6240,15.9300,252100
2014-03-17,16.0200,16.1500,15.9300,15.9500,333500
2014-03-18,15.9800,16.0700,15.8800,16.0100,261800
2014-03-19,16.0100,16.1900,15.8600,16.0400,310600
2014-03-20,15.9500,16.4400,15.9500,16.4400,368300
2014-03-21,16.4800,16.6400,16.2300,16.3000,765500
2014-03-24,16.3200,16.4800,16.1600,16.2300,310100
2014-03-25,16.3200,16.4300,16.1450,16.1800,264700
2014-03-26,16.3100,16.3100,15.8800,15.8800,467200
2014-03-27,15.8800,16.0300,15.5700,15.6100,300400
2014-03-28,15.6000,15.9300,15.5300,15.6000,348300
2014-03-31,15.7000,15.9900,15.6200,15.9000,511300
2014-04-01,15.8300,16.2700,15.7700,16.2250,734300
2014-04-02,16.2000,16.3200,16.0300,16.2600,288000
2014-04-03,16.2200,16.3300,15.9600,16.1800,745000
2014-04-04,16.2000,16.3300,15.5500,15.5900,525100
2014-04-07,15.5200,15.5900,15.2100,15.3900,502900
2014-04-08,15.3800,15.4800,15.2200,15.2500,474200
2014-04-09,15.3100,15.4200,15.0300,15.1300,379900
2014-04-10,15.1200,15.1680,14.4464,14.5600,860600
2014-04-11,14.4100,14.7500,14.2107,14.4900,459100
2014-04-14,14.6500,14.7850,14.4550,14.5900,359200
2014-04-15,14.6200,14.7200,14.3700,14.6300,360700
2014-04-16,14.7700,14.7900,14.6150,14.7100,345100
2014-04-17,14.7100,14.9100,14.6500,14.8700,394800
2014-04-21,14.8100,14.9400,14.6250,14.7250,213000
2014-04-22,14.7600,15.0400,14.7150,14.8700,213800
2014-04-23,14.7900,14.9700,14.6700,14.7100,253500
2014-04-24,14.7200,15.0900,14.3050,14.4800,438400
2014-04-25,14.3800,14.5180,14.1500,14.1700,347600
2014-04-28,14.1700,14.3680,13.7700,13.9900,362000
2014-04-29,14.1000,14.1800,13.9900,14.0800,498400
2014-04-30,14.0700,14.5200,14.0100,14.4600,953200
2014-05-01,14.4800,14.6800,14.3400,14.4900,1260400
2014-05-02,14.5300,14.8900,14.5150,14.6500,899700
2014-05-05,14.5100,14.5950,14.2900,14.3900,480800
2014-05-06,14.3000,14.4600,14.1700,14.1900,677600
2014-05-07,14.2000,14.4100,14.1700,14.3300,516700
2014-05-08,14.3700,14.4900,14.2600,14.3400,507600
2014-05-09,14.2600,14.5800,14.2200,14.5300,320600
2014-05-12,14.5800,15.0100,14.5800,14.9200,416600
2014-05-13,14.8900,14.8900,14.6100,14.6200,906600
2014-05-14,14.5600,14.6280,14.2000,14.2500,556600
2014-05-15,14.1500,14.2100,13.9000,14.1800,703800
2014-05-16,14.2000,14.2600,14.1500,14.2600,505000
2014-05-19,14.2600,14.6300,14.2600,14.6100,324800
2014-05-20,14.5300,14.6300,14.3000,14.4100,510900
2014-05-21,14.4700,14.6400,14.4500,14.5900,290400
2014-05-22,14.6000,14.7800,14.6000,14.6200,336500
2014-05-23,14.6500,14.7101,14.5700,14.6500,227900
2014-05-27,14.7700,14.9400,14.6200,14.9400,261800
2014-05-28,14.8800,14.8800,14.6200,14.6900,285800
2014-05-29,14.7400,14.7700,14.5500,14.6300,215200
2014-05-30,14.6700,14.8100,14.5000,14.5800,302100
2014-06-02,14.6300,14.8400,14.4200,14.7900,307200
2014-06-03,14.7700,15.0900,14.6600,14.8100,304500
2014-06-04,14.8000,14.9700,14.7600,14.9500,397500
2014-06-05,14.9700,15.5600,14.8320,15.4000,428200
2014-06-06,15.5100,15.5750,15.2500,15.4600,352200
2014-06-09,15.4000,15.8600,15.3600,15.8200,292700
2014-06-10,15.8300,15.8300,15.6200,15.7500,403700
2014-06-11,15.6300,15.7350,15.4600,15.5100,236600
2014-06-12,15.5000,15.5100,15.2700,15.4700,260700
2014-06-13,15.5500,15.7300,15.3800,15.4700,245300
2014-06-16,15.4300,15.6800,15.3100,15.5800,479300
2014-06-17,15.5600,16.0300,15.5000,15.9300,429500
2014-06-18,15.9300,16.2300,15.8200,16.2300,647700
2014-06-19,16.2600,16.2600,16.0200,16.1850,428200
2014-06-20,16.2500,16.3300,16.1000,16.2200,694300
2014-06-23,16.2900,16.3400,16.1400,16.1900,476600
2014-06-24,16.1400,16.4200,16.0000,16.0100,445000
2014-06-25,15.9500,16.2200,15.6700,16.2000,283600
2014-06-26,16.1600,16.2700,15.8950,16.2500,230800
2014-06-27,16.1500,16.2800,16.0500,16.0500,1840600
2014-06-30,15.9400,16.0400,15.7800,16.0300,441100
2014-07-01,16.0500,16.5000,15.9450,16.2700,621500
2014-07-02,16.2700,16.3900,16.0400,16.1400,380200
2014-07-03,16.2200,16.4800,16.2200,16.4500,181700
2014-07-07,16.4600,16.4600,16.0700,16.1500,426900
2014-07-08,16.0700,16.1600,15.9600,16.0300,381400
2014-07-09,16.1100,16.1900,15.9400,15.9900,230600
2014-07-10,15.7300,16.0200,15.5700,15.8700,284300
2014-07-11,15.8300,15.9600,15.6300,15.7400,250800
2014-07-14,15.8800,15.9900,15.5800,15.8600,279400
2014-07-15,15.9100,16.0100,15.7300,15.8500,283600
2014-07-16,15.9800,15.9800,15.5900,15.6100,450400
2014-07-17,15.5500,15.5800,15.0800,15.1500,472700
2014-07-18,15.2000,15.5850,15.1600,15.4800,433000
2014-07-21,15.3500,15.4300,15.1750,15.3600,274700
2014-07-22,15.4500,15.6200,15.2700,15.3600,333500
2014-07-23,15.3300,15.5400,15.2000,15.2500,337400
2014-07-24,15.3400,15.9500,15.2400,15.5900,592500
2014-07-25,15.4200,15.6700,15.3560,15.5600,363700
2014-07-28,15.5900,15.6000,15.2500,15.3400,296500
2014-07-29,15.3100,15.4600,15.2300,15.4100,277900
2014-07-30,15.4600,15.6700,15.4100,15.6000,489500
2014-07-31,15.4100,15.5500,15.2300,15.2900,392900
2014-08-01,15.2500,15.3400,14.8900,14.9200,416600
2014-08-04,15.0200,15.0520,14.7100,14.9100,378800
2014-08-05,14.8100,15.0600,14.7300,14.9100,390300
2014-08-06,14.8500,15.2500,14.8180,15.0400,428000
2014-08-07,15.0600,15.0600,14.6900,14.8500,483100
2014-08-08,14.8400,15.0500,14.6700,15.0100,378000
2014-08-11,15.0900,15.2900,14.9300,15.0800,186900
2014-08-12,15.0100,15.1700,14.9600,15.0200,293200
2014-08-13,15.1000,15.2500,15.0300,15.1900,163400
2014-08-14,15.1600,15.3100,15.0900,15.1000,311800
2014-08-15,15.2400,15.3100,14.9300,15.0600,531000
2014-08-18,15.2400,15.4500,14.9600,15.3800,318800
2014-08-19,15.3800,15.5000,15.3300,15.4200,247100
2014-08-20,15.3700,15.4200,15.2700,15.3800,249300
2014-08-21,15.3400,15.6350,15.2100,15.5900,274500
2014-08-22,15.5500,15.7600,15.3600,15.6200,229700
2014-08-25,15.7000,15.7500,15.5300,15.6200,231700
2014-08-26,15.6200,15.7400,15.3300,15.6900,384100
2014-08-27,15.7500,15.7500,15.5700,15.5800,165800
2014-08-28,15.4900,15.5800,15.2100,15.4200,206100
2014-08-29,15.4500,15.6200,15.3600,15.5400,273600
2014-09-02,15.6000,15.8100,15.3600,15.7100,466800
2014-09-03,15.7500,15.7900,15.4500,15.5200,376600
2014-09-04,15.5300,15.7200,15.2901,15.4000,302400
2014-09-05,15.3100,15.4100,15.1800,15.3900,305200
2014-09-08,15.3500,15.5300,15.2900,15.5100,229400
2014-09-09,15.5100,15.5100,15.2300,15.3100,271500
2014-09-10,15.3300,15.5600,15.3300,15.5500,216300
2014-09-11,15.4200,15.7250,15.4200,15.6800,262500
2014-09-12,15.7000,15.9100,15.5500,15.7100,346000
2014-09-15,15.6700,15.7000,15.4600,15.5000,228300
2014-09-16,15.4300,15.5400,15.2500,15.2800,378100
2014-09-17,15.2400,15.4600,15.1100,15.2500,385200
2014-09-18,15.2800,15.6400,15.2000,15.5600,390300
2014-09-19,15.6000,15.7900,15.3600,15.4100,1486100
2014-09-22,15.3400,15.4000,15.1000,15.1100,358400
2014-09-23,15.1000,15.1800,14.7900,14.7900,365500
2014-09-24,14.8000,15.0100,14.7400,14.9200,345609
2014-09-25,14.8700,14.9100,14.6000,14.6000,328397
2014-09-26,14.6200,14.7000,14.5300,14.6700,285864
2014-09-29,14.5100,14.7400,14.5100,14.6300,349285
2014-09-30,14.6400,14.7900,14.3500,14.3500,524518
2014-10-01,14.2900,14.4750,14.1100,14.2600,533300
2014-10-02,14.2700,14.5300,14.0700,14.4100,398556
2014-10-03,14.6000,14.7800,14.5100,14.5300,261948
2014-10-06,14.4700,14.4700,14.1900,14.2900,563717
2014-10-07,14.1800,14.2700,13.9500,13.9600,349797
2014-10-08,14.0000,14.2900,13.9000,14.2700,453189
2014-10-09,14.2300,14.3700,13.7900,13.8100,464491
2014-10-10,13.7300,14.0100,13.6000,13.8100,555046
2014-10-13,13.8400,14.1300,13.8400,13.9300,607839
2014-10-14,14.0500,14.3500,13.9300,14.1400,540251
2014-10-15,13.8600,14.0100,13.3500,13.8800,719796
2014-10-16,13.7000,14.3100,13.5800,14.2900,679677
2014-10-17,14.4900,14.4900,13.9700,14.2500,474901
2014-10-20,14.1600,14.3980,14.1300,14.2500,345236
2014-10-21,14.3400,14.6600,14.2800,14.5900,335491
2014-10-22,14.6500,14.6500,14.3300,14.3700,586760
2014-10-23,15.0000,15.0000,14.3800,14.4700,437943
2014-10-24,14.5100,14.5500,14.3500,14.5300,270112
2014-10-27,14.3800,14.6700,14.3000,14.6600,221770
2014-10-28,14.7600,15.2200,14.6500,15.1700,423262
2014-10-29,15.2000,15.4550,14.9400,15.3700,531134
2014-10-30,15.3500,15.6800,15.2100,15.5000,618040
2014-10-31,15.8300,15.8300,15.1900,15.7800,701786
2014-11-03,15.8200,15.8500,15.5380,15.6800,476676
2014-11-04,15.6000,15.7060,15.3000,15.4200,662116
2014-11-05,15.5500,15.6200,15.4100,15.5800,478176
2014-11-06,15.6000,15.7700,15.5800,15.7600,336046
2014-11-07,15.7500,15.7660,15.6200,15.7000,345561
2014-11-10,15.7400,15.7400,15.5150,15.6200,623423
2014-11-11,15.5900,15.7380,15.4490,15.5400,395274
2014-11-12,15.4400,15.8600,15.4400,15.8500,511766
2014-11-13,15.8600,15.8600,15.6700,15.6800,393571
2014-11-14,15.7300,15.7500,15.5400,15.5500,339093
2014-11-17,15.5100,15.5900,15.3450,15.3700,180523
2014-11-18,15.3800,15.5300,15.2600,15.4000,220969
2014-11-19,15.4100,15.4100,15.0200,15.1500,268746
2014-11-20,14.9900,15.3400,14.9900,15.3400,328032
2014-11-21,15.5400,15.6300,15.1600,15.1900,278056
2014-11-24,15.2600,15.4200,15.2500,15.4100,299955
2014-11-25,15.5000,15.5600,15.3200,15.5600,206140
2014-11-26,15.5800,15.6400,15.4600,15.5400,221543
2014-11-28,15.6100,15.6200,15.1200,15.1700,227646
2014-12-01,15.1800,15.2100,14.9100,15.0400,632089
2014-12-02,15.1200,15.4850,15.0900,15.3500,463510
2014-12-03,15.4000,15.6700,15.3300,15.6400,327272
2014-12-04,15.5900,15.7600,15.5000,15.7100,591537
2014-12-05,15.7300,16.1850,15.7300,16.0700,936203
2014-12-08,16.0700,16.2800,15.8700,15.9900,390276
2014-12-09,15.7700,16.2000,15.6700,16.2000,403352
2014-12-10,16.0900,16.1200,15.4400,15.4500,517547
2014-12-11,15.5500,15.6800,15.4200,15.4500,306461
2014-12-12,15.2300,15.4500,15.1800,15.2800,354480
2014-12-15,15.3400,15.4700,15.0300,15.1100,394440
2014-12-16,15.0100,15.4600,15.0100,15.2300,510688
2014-12-17,15.2700,15.7500,15.0700,15.7500,551436
2014-12-18,15.9500,16.1500,15.8300,16.1500,462259
2014-12-19,16.1900,16.2500,15.8100,15.8600,1241140
2014-12-22,15.8900,15.9800,15.7250,15.9800,233657
2014-12-23,16.0200,16.2450,15.9800,16.0900,289861
2014-12-24,16.1600,16.2400,15.9100,16.0400,170744
2014-12-26,16.1000,16.1400,16.0000,16.0600,143742
2014-12-29,16.3200,16.4700,16.1000,16.4000,336721
2014-12-30,16.2300,16.3800,16.1900,16.2600,234753
2014-12-31,16.2500,16.3200,16.0100,16.0200,408794
2015-01-02,16.1700,16.2000,15.6200,15.8600,304262
2015-01-05,15.7200,15.7500,15.3550,15.3700,322341
2015-01-06,15.3800,15.6200,14.9600,15.0400,399503
2015-01-07,15.1900,15.2500,14.9500,15.1900,344639
2015-01-08,15.3000,15.6300,15.2300,15.5400,385210
2015-01-09,15.5300,15.5300,15.1200,15.1200,497526
2015-01-12,15.0700,15.0800,14.8599,14.9100,684361
2015-01-13,15.0700,15.2800,14.8500,14.9600,744187
2015-01-14,14.7300,14.8900,14.6000,14.8600,500142
2015-01-15,14.8500,14.8800,14.6500,14.7100,750642
2015-01-16,14.6800,15.0500,14.6800,15.0100,419379
2015-01-20,15.0500,15.0500,14.8000,14.8400,641603
2015-01-21,14.7800,14.9500,14.6300,14.6700,452977
2015-01-22,14.6700,15.6700,14.5300,15.3700,964200
2015-01-23,15.1200,15.2900,14.8500,15.1500,873785
2015-01-26,15.0000,15.4100,14.9000,15.3600,501781
2015-01-27,15.2000,15.3100,15.0800,15.1700,351158
2015-01-28,15.2000,15.2900,14.7450,14.7600,562479
2015-01-29,14.7700,15.0550,14.6900,15.0500,393785
2015-01-30,14.8700,15.0400,14.6000,14.6100,582536
2015-02-02,14.7000,15.1000,14.5600,15.0600,432698
2015-02-03,15.1900,15.6200,15.1900,15.4200,363515
2015-02-04,15.3700,15.5800,15.2300,15.2650,289156
2015-02-05,15.3600,15.6800,15.3100,15.6600,410001
2015-02-06,15.7500,16.0900,15.7500,15.8500,472737
2015-02-09,15.8000,15.8300,15.5100,15.5200,251238
2015-02-10,15.6800,15.9300,15.4100,15.6100,354983
2015-02-11,15.5600,15.5600,15.3200,15.4600,293515
2015-02-12,15.5800,15.8500,15.5800,15.8400,301322
2015-02-13,15.8300,15.9400,15.7100,15.8600,307505
2015-02-17,15.9100,16.0000,15.7700,15.9900,326390
2015-02-18,15.9800,15.9900,15.7600,15.9000,507664
2015-02-19,15.8500,15.9500,15.7200,15.8300,368519
2015-02-20,15.8300,15.8700,15.5500,15.8300,359111
2015-02-23,15.7500,15.7500,15.5000,15.6300,489303
2015-02-24,15.6300,15.7900,15.5990,15.6700,439774
2015-02-25,15.6300,15.6700,15.5200,15.5600,263936
2015-02-26,15.5600,15.7350,15.4800,15.7100,383900
2015-02-27,15.7400,15.8400,15.5300,15.6500,386335
2015-03-02,15.7000,15.9400,15.6200,15.8200,358607
2015-03-03,15.7200,15.8400,15.5800,15.6700,292364
2015-03-04,15.5400,15.6200,15.4550,15.5800,346586
2015-03-05,15.5800,15.7100,15.3700,15.5600,316363
2015-03-06,15.5400,15.9600,15.5200,15.5400,683641
2015-03-09,15.5900,15.8100,15.5000,15.7200,466663
2015-03-10,15.6000,15.6800,15.3850,15.4800,488218
2015-03-11,15.5300,15.7700,15.4600,15.6600,520537
2015-03-12,15.8300,16.1900,15.6800,16.1000,796916
2015-03-13,16.1400,16.2000,15.7300,16.0000,625199
2015-03-16,16.0100,16.0300,15.8400,15.8600,340129
2015-03-17,15.7600,16.0200,15.7180,16.0200,445040
2015-03-18,16.0000,16.1900,15.7500,15.8200,532529
2015-03-19,15.8100,16.0300,15.6100,15.8400,1223327
2015-03-20,15.9600,16.2100,15.5900,16.0500,784605
2015-03-23,16.0300,16.1380,15.7500,15.8200,661068
2015-03-24,15.8400,15.9500,15.6500,15.6600,1091013
2015-03-25,15.6700,15.8750,15.5300,15.5500,964524
2015-03-26,15.5400,15.7300,15.3900,15.7000,408265
2015-03-27,15.7200,15.7400,15.3800,15.7200,424619
2015-03-30,15.7200,16.1100,15.6800,15.9500,559548
2015-03-31,15.9000,15.9800,15.7600,15.9400,499207
2015-04-01,15.9200,15.9200,15.6100,15.7900,424332
2015-04-02,15.8100,16.0400,15.8100,15.9100,366725
2015-04-06,15.7200,15.8800,15.5700,15.7700,364239
2015-04-07,15.7500,15.8600,15.6300,15.7800,358341
2015-04-08,15.8200,15.8800,15.6900,15.7400,283003
2015-04-09,15.7400,15.7800,15.4900,15.6700,158233
2015-04-10,15.7300,15.8200,15.6100,15.8100,169698
2015-04-13,15.7900,16.1000,15.7900,16.0200,250460
2015-04-14,16.0200,16.0200,15.7000,15.8700,284508
2015-04-15,15.9400,16.2400,15.7800,16.1200,397696
2015-04-16,16.1200,16.1200,15.8800,16.0500,337034
2015-04-17,15.9200,15.9500,15.6000,15.6600,337548
2015-04-20,15.7000,15.9800,15.6400,15.8800,217314
2015-04-21,15.9100,16.0200,15.8100,15.8400,234775
2015-04-22,15.8200,15.9800,15.6500,15.9600,336371
2015-04-23,15.8600,16.1800,15.7700,15.9900,567787
2015-04-24,15.9600,16.1100,15.7600,15.8100,338972
2015-04-27,15.8600,16.0300,15.5600,15.7000,409318
2015-04-28,15.7200,16.0100,15.6700,16.0000,384191
2015-04-29,15.9600,16.1400,15.9000,16.0000,363607
2015-04-30,15.9500,16.0000,15.6200,15.6500,643036
2015-05-01,15.6900,15.8100,15.4500,15.5300,477046
2015-05-04,15.5800,15.7400,15.5100,15.6700,371758
2015-05-05,15.5800,15.7900,15.5600,15.6600,406330
2015-05-06,15.7100,15.8600,15.5600,15.8400,367866
2015-05-07,15.8100,15.8950,15.6900,15.8300,327907
2015-05-08,15.9100,15.9660,15.7300,15.8900,265285
2015-05-11,15.9100,16.1050,15.7000,16.0500,352810
2015-05-12,15.9900,16.1500,15.8000,16.0650,235191
2015-05-13,16.0300,16.1600,15.8750,16.1000,409376
2015-05-14,16.1700,16.2700,16.0000,16.2350,350830
2015-05-15,16.1800,16.2400,15.7700,16.0000,460266
2015-05-18,16.0000,16.3600,15.8300,16.3000,440371
2015-05-19,16.3500,16.4000,16.2600,16.3500,423872
2015-05-20,16.3900,16.4200,16.2200,16.3900,335434
2015-05-21,16.3700,16.5200,16.2200,16.3500,543005
2015-05-22,16.3200,16.4200,16.2500,16.2600,204035
2015-05-26,16.1700,16.2200,16.0000,16.1600,400013
2015-05-27,16.2000,16.4600,16.0800,16.4100,272367
2015-05-28,16.4000,16.4800,16.3200,16.4800,296916
2015-05-29,16.4000,16.4900,16.1800,16.4000,455004
2015-06-01,16.4800,16.5200,16.2000,16.2300,707672
2015-06-02,16.2000,16.5400,16.1700,16.4700,314252
2015-06-03,16.5400,16.8700,16.4701,16.7500,554462
2015-06-04,16.7100,16.7400,16.4800,16.5600,299786
2015-06-05,16.6800,16.9100,16.6500,16.8700,755368
2015-06-08,16.8100,17.0400,16.8000,16.9300,700985
2015-06-09,16.9600,17.2900,16.8200,17.1800,489274
2015-06-10,17.3400,17.6000,17.2100,17.5500,918196
2015-06-11,17.5200,17.6300,17.4200,17.6300,411384
2015-06-12,17.5900,17.6300,17.4100,17.5500,374264
2015-06-15,17.4000,17.4600,17.1600,17.3600,630427
2015-06-16,17.3000,17.5800,17.2800,17.5600,428584
2015-06-17,17.6500,17.6500,17.2000,17.2500,330105
2015-06-18,17.2700,17.5250,17.1500,17.4700,392889
2015-06-19,17.4800,17.6000,17.3200,17.5300,790547
2015-06-22,17.6100,17.7300,17.5400,17.6800,313579
2015-06-23,17.7200,17.9800,17.6300,17.9100,422317
2015-06-24,17.8800,17.9900,17.7600,17.8500,436634
2015-06-25,17.9500,18.0800,17.7600,17.9400,559327
2015-06-26,18.0000,18.1100,17.9300,18.0750,1390448
2015-06-29,17.9000,18.0900,17.5650,17.6000,405856
2015-06-30,17.8000,17.9600,17.4999,17.6100,587024
2015-07-01,17.8200,17.9500,17.7100,17.8600,465234
2015-07-02,17.8600,17.8600,17.4200,17.5100,498452
2015-07-06,17.3500,17.5600,17.1600,17.5400,429960
2015-07-07,17.4800,17.4800,16.9500,17.2500,585576
2015-07-08,17.1500,17.3100,17.0200,17.1900,804430
2015-07-09,17.3700,17.6100,17.3150,17.5700,545032
2015-07-10,17.8300,17.9200,17.5000,17.7600,634091
2015-07-13,17.9000,18.0400,17.8100,18.0000,480545
2015-07-14,17.8900,18.0500,17.8500,18.0000,418565
2015-07-15,18.1000,18.2200,17.9800,18.0400,400974
2015-07-16,18.1900,18.2800,18.1100,18.1800,504765
2015-07-17,18.2100,18.2100,17.9200,18.0400,588197
2015-07-20,18.1100,18.2200,17.9500,18.0800,573222
2015-07-21,18.0800,18.3200,17.8900,17.9300,326600
2015-07-22,17.9800,18.2300,17.9600,18.1400,372004
2015-07-23,18.2400,18.3700,17.6500,17.7900,780103
2015-07-24,17.8700,17.9000,17.6450,17.6700,589664
2015-07-27,17.5600,17.7000,17.3800,17.5000,331125
2015-07-28,17.6200,17.6200,17.2800,17.5100,303750
2015-07-29,17.4700,17.6100,17.3800,17.5700,371854
2015-07-30,17.4400,17.6500,17.4400,17.6100,407706
2015-07-31,17.5800,17.7100,17.4300,17.7100,760605
2015-08-03,17.7700,17.8200,17.4800,17.6800,377287
2015-08-04,17.7000,17.9100,17.6400,17.7400,371020
2015-08-05,17.8100,18.0400,17.7000,17.8200,410105
2015-08-06,17.8900,17.9300,17.6300,17.7300,250195
2015-08-07,17.6400,17.8100,17.4200,17.5500,212652
2015-08-10,17.7000,17.8400,17.6200,17.7500,519982
2015-08-11,17.6100,17.7300,17.4700,17.6000,316433
2015-08-12,17.5100,17.6200,17.0100,17.2400,253628
2015-08-13,17.2800,17.4200,17.1000,17.2600,266814
2015-08-14,17.1800,17.4900,17.1600,17.4900,306647
2015-08-17,17.3800,17.6700,17.2500,17.5400,283240
2015-08-18,17.5700,17.6900,17.4600,17.5200,328093
2015-08-19,17.4300,17.4750,17.2200,17.2300,367550
2015-08-20,17.0400,17.0400,16.7200,16.7400,676757
2015-08-21,16.2500,16.8500,16.2200,16.6600,874016
2015-08-24,15.9600,16.3000,15.6300,15.7100,662950
2015-08-25,16.1700,16.1700,15.3000,15.3200,852444
2015-08-26,15.6900,15.8000,15.3600,15.7600,747875
2015-08-27,15.9000,16.1500,15.7800,16.0000,715457
2015-08-28,15.9400,16.1000,15.9000,16.0200,855045
2015-08-31,15.9000,16.2800,15.9000,16.2500,547093
2015-09-01,16.0000,16.0350,15.6200,15.7100,885429
2015-09-02,15.9100,15.9500,15.6800,15.9100,424323
2015-09-03,15.8700,16.1000,15.8700,15.9700,346152
2015-09-04,15.7600,16.0300,15.7600,15.9500,317709
2015-09-08,16.2400,16.6200,15.9700,16.5500,693316
2015-09-09,16.7200,16.8000,16.5400,16.5500,615746
2015-09-10,16.4400,16.9000,16.4400,16.7600,494578
2015-09-11,16.5500,16.8500,16.5100,16.7100,306934
2015-09-14,16.7100,16.8850,16.6400,16.7200,348923
2015-09-15,16.7800,17.0900,16.7700,17.0200,290563
2015-09-16,17.0600,17.1680,16.8500,17.1100,306822
2015-09-17,17.1200,17.3600,16.5750,16.6800,550181
2015-09-18,16.3800,16.7580,16.1600,16.3800,1235179
2015-09-21,16.5600,16.8100,16.5100,16.6950,332784
2015-09-22,16.4500,16.7000,16.4000,16.5700,307019
2015-09-23,16.5700,16.7400,16.5000,16.6300,332114
2015-09-24,16.4500,16.8200,16.4300,16.8100,437740
2015-09-25,16.9800,17.2900,16.8800,16.9700,628174
2015-09-28,16.8400,16.9500,16.5400,16.5800,604381
2015-09-29,16.5700,16.6400,16.4200,16.5800,1226863
2015-09-30,16.7300,16.9280,16.5900,16.7000,709180
2015-10-01,16.7600,16.8000,16.4600,16.6900,682958
2015-10-02,16.4600,16.4900,15.8200,16.4500,1035887
2015-10-05,16.4400,16.7700,16.4200,16.7400,603102
2015-10-06,16.7700,16.8000,16.5800,16.7100,443511
2015-10-07,16.8200,17.0250,16.7250,17.0000,521162
2015-10-08,16.9400,17.2100,16.9000,17.2000,416561
2015-10-09,17.2000,17.3100,17.0000,17.0400,389058
2015-10-12,17.0200,17.2500,16.9350,17.2200,242817
2015-10-13,17.1700,17.2800,17.0000,17.0200,523472
2015-10-14,17.0400,17.0400,16.4200,16.5300,503257
2015-10-15,16.6300,16.8100,16.4550,16.7500,556095
2015-10-16,16.8200,16.8800,16.6511,16.7800,415425
2015-10-19,16.7700,16.8750,16.6900,16.8200,580582
2015-10-20,16.8100,17.1300,16.8100,17.1000,358924
2015-10-21,17.1800,17.2296,16.7900,16.8200,462504
2015-10-22,17.0900,17.5000,16.8300,17.1700,542976
2015-10-23,17.3800,17.7200,16.9901,17.6800,512745
2015-10-26,17.5900,17.6100,17.3100,17.4600,377506
2015-10-27,17.3400,17.5950,17.2250,17.2700,492772
2015-10-28,17.3000,18.1500,17.2300,18.1500,658225
2015-10-29,18.1200,18.2800,17.9200,17.9300,500528
2015-10-30,17.9400,17.9500,17.3800,17.4500,439100
2015-11-02,17.5400,17.7300,17.4800,17.7000,347791
2015-11-03,17.6200,17.8800,17.5600,17.7800,269827
2015-11-04,17.7800,17.9000,17.6400,17.7700,499513
2015-11-05,17.8400,18.1800,17.8300,18.0800,286407
2015-11-06,18.2600,18.7600,18.2600,18.6700,515742
2015-11-09,18.5800,18.7700,18.2500,18.4100,660109
2015-11-10,18.3200,18.5300,18.0000,18.5200,693638
2015-11-11,18.5000,18.6400,18.2550,18.3200,276965
2015-11-12,18.1900,18.2520,17.8700,17.9000,370972
2015-11-13,17.7500,17.9100,17.4000,17.5100,736347
2015-11-16,17.5200,17.8000,17.3500,17.8000,363589
2015-11-17,17.8500,18.0500,17.7100,17.8100,400848
2015-11-18,17.8200,18.0800,17.5900,18.0600,515936
2015-11-19,18.0400,18.1000,17.8500,18.0300,258410
2015-11-20,18.0200,18.2700,18.0200,18.1500,344622
2015-11-23,18.1100,18.3200,18.1100,18.2200,240111
2015-11-24,18.0600,18.4100,18.0600,18.3700,389279
2015-11-25,18.3400,18.5600,18.2900,18.5000,322096
2015-11-27,18.4700,18.6000,18.3800,18.5600,225809
2015-11-30,18.6300,18.6900,18.4750,18.5000,379482
2015-12-01,18.5500,18.6900,18.3400,18.5000,509135
2015-12-02,18.5800,18.6100,18.1100,18.1400,371937
2015-12-03,18.2800,18.4100,17.7869,17.8200,590217
2015-12-04,17.8000,18.2700,17.8000,18.1900,572731
2015-12-07,18.1900,18.4000,17.6600,17.7800,533170
2015-12-08,17.6700,17.9000,17.4100,17.4400,476093
2015-12-09,17.4600,17.6200,17.0200,17.1600,585478
2015-12-10,17.1100,17.3600,16.9600,17.1500,452288
2015-12-11,16.7200,17.6050,16.3900,16.5500,998834
2015-12-14,16.5200,17.3050,16.2900,16.6400,1086161
2015-12-15,16.7800,17.4700,16.7300,17.2900,1239172
2015-12-16,17.4700,17.6700,17.0500,17.5700,954737
2015-12-17,17.5600,17.6800,17.1100,17.2500,700644
2015-12-18,17.1400,17.2650,16.5900,17.0200,4126761
2015-12-21,17.1100,17.3300,16.8700,17.0850,686940
2015-12-22,17.1400,17.2100,16.8600,17.1700,579044
2015-12-23,17.2000,17.4200,17.1400,17.3700,304792
2015-12-24,17.3400,17.6000,17.3400,17.4500,194518
2015-12-28,17.3400,17.5600,17.1300,17.4100,349462
2015-12-29,17.3700,17.5700,17.3200,17.5300,360248
2015-12-30,17.4700,17.4800,17.2200,17.2300,369538
2015-12-31,17.1500,17.2500,16.9200,16.9200,386702
2016-01-04,16.5700,16.7500,16.3500,16.4500,812407
2016-01-05,16.4500,16.6000,16.3900,16.5300,527370
2016-01-06,16.2400,16.4200,16.1800,16.3300,467621
2016-01-07,16.1500,16.2100,15.7300,15.7300,822685
2016-01-08,15.8900,15.9900,15.4200,15.4500,722741
2016-01-11,15.4900,15.6000,15.2200,15.4300,598477
2016-01-12,15.3800,15.5400,14.7521,15.4000,701424
2016-01-13,15.4400,15.5600,14.6900,14.7700,820881
2016-01-14,14.9300,15.3300,14.7200,15.0100,663664
2016-01-15,14.5300,14.8400,14.3400,14.8300,1068319
2016-01-19,15.0500,15.0500,14.5700,14.7100,845890
2016-01-20,14.3500,14.7850,14.1400,14.6100,759637
2016-01-21,14.9500,15.8500,14.3700,14.4600,1144824
2016-01-22,14.7100,14.8100,14.1700,14.4600,1415948
2016-01-25,14.3000,14.3400,14.0450,14.2000,1156274
2016-01-26,14.3300,14.8300,14.3300,14.7400,1277195
2016-01-27,14.7400,15.1000,14.5600,14.7400,998488
2016-01-28,14.9500,15.1600,14.6100,15.0100,489888
2016-01-29,15.0200,15.3300,14.8700,15.3100,1012546
2016-02-01,15.2000,15.2500,14.9500,15.1000,494497
2016-02-02,14.8800,14.9200,14.6100,14.7200,574363
2016-02-03,14.9200,15.0000,14.3200,14.7600,623608
2016-02-04,14.7000,15.0600,14.6500,14.8600,677229
2016-02-05,14.8800,15.0100,14.5700,14.5900,568550
2016-02-08,14.3700,14.8200,14.2400,14.7000,888573
2016-02-09,14.4700,15.0500,14.4700,14.8600,665078
2016-02-10,15.0300,15.2850,14.6800,14.6800,561397
2016-02-11,14.3100,14.7100,14.0200,14.3700,686578
2016-02-12,14.6700,14.9000,14.5550,14.8600,541026
2016-02-16,15.1300,15.3450,14.8900,15.2700,471979
2016-02-17,15.4300,15.5100,15.1400,15.1700,423912
2016-02-18,15.2700,15.3900,15.0600,15.3800,826951
2016-02-19,15.3200,15.5100,15.2700,15.3600,536398
2016-02-22,15.4900,15.6400,15.3200,15.4500,597673
2016-02-23,15.4300,15.4500,15.0300,15.1100,509905
2016-02-24,14.8900,15.2700,14.7600,15.2400,653557
2016-02-25,15.2500,15.5500,15.1900,15.5500,466344
2016-02-26,15.6600,15.9400,15.3700,15.9100,675202
2016-02-29,15.8400,15.9450,15.5200,15.5300,989012
2016-03-01,15.6800,16.0600,15.6000,16.0300,478999
2016-03-02,15.9600,16.3750,15.9600,16.3500,764135
2016-03-03,16.2900,16.6400,16.2900,16.5200,811706
2016-03-04,16.5100,16.8100,16.4400,16.8100,702180
2016-03-07,16.8000,16.9900,16.3800,16.9100,736715
2016-03-08,16.7400,16.8300,16.3600,16.4400,560050
2016-03-09,16.5400,16.6350,16.2800,16.3200,523276
2016-03-10,16.4100,16.5500,16.1600,16.5000,662457
2016-03-11,16.6100,17.1200,16.4600,17.0900,787329
2016-03-14,17.0800,17.1600,16.9000,17.0800,808120
2016-03-15,17.0000,17.1700,16.9400,17.1000,787892
2016-03-16,17.0700,17.1600,16.6100,16.6600,835012
2016-03-17,16.6500,17.0000,16.3400,16.9700,779654
2016-03-18,17.0600,17.3500,16.9200,17.3300,1135926
2016-03-21,17.3600,17.3800,17.0500,17.2000,366890
2016-03-22,17.1300,17.3300,16.7650,17.2700,598219
2016-03-23,17.1500,17.2800,17.0190,17.0200,623904
2016-03-24,16.8500,17.1400,16.6650,17.1200,956307
2016-03-28,17.1300,17.2700,17.0400,17.2000,522721
2016-03-29,17.0600,17.3900,16.8600,17.3800,846557
2016-03-30,17.4800,17.7000,17.3300,17.4400,721677
2016-03-31,17.3900,17.5000,17.2385,17.4500,546459
2016-04-01,17.3400,17.5800,17.2100,17.5500,593427
2016-04-04,17.4100,17.4450,17.2500,17.3800,805171
2016-04-05,17.2200,17.2410,16.8400,16.8400,661917
2016-04-06,16.8400,17.0200,16.7300,16.9200,847570
2016-04-07,16.8200,16.8200,16.3600,16.4700,679304
2016-04-08,16.6300,16.8100,16.4100,16.4600,549544
2016-04-11,16.5100,16.8300,16.5100,16.5900,641239
2016-04-12,16.5900,16.7600,16.4700,16.7400,1149746
2016-04-13,16.8900,17.4000,16.8900,17.4000,788489
2016-04-14,17.3700,17.6300,17.2300,17.4600,714176
2016-04-15,17.4200,17.6400,17.2700,17.4000,317110
2016-04-18,17.3000,17.6000,17.2400,17.5700,277628
2016-04-19,17.5600,17.7600,17.5100,17.7500,244882
2016-04-20,17.8500,17.9200,17.6400,17.8900,364563
2016-04-21,17.9000,17.9200,17.2800,17.5200,946456
2016-04-22,17.4600,17.5900,17.3150,17.5300,632785
2016-04-25,17.3900,17.4000,16.8200,17.3200,569809
2016-04-26,17.3400,17.5200,17.2300,17.5100,451476
2016-04-27,17.5800,17.7100,17.3500,17.4700,455164
2016-04-28,17.4400,17.5000,17.1600,17.2200,375178
2016-04-29,17.2200,17.2800,17.0300,17.1800,577567
2016-05-02,17.2100,17.3100,17.1000,17.2700,553641
2016-05-03,17.0600,17.0600,16.6800,16.8400,421567
2016-05-04,16.7100,16.8800,16.4100,16.5400,344042
2016-05-05,16.5400,16.6900,16.3850,16.3900,323373
2016-05-06,16.2600,16.5000,16.2000,16.5000,537514
2016-05-09,16.5500,16.6000,16.3201,16.4100,360016
2016-05-10,16.5100,16.7700,16.4600,16.6800,264161
2016-05-11,16.6100,16.7300,16.4700,16.4700,352934
2016-05-12,16.5900,16.7100,16.3400,16.4900,441870
2016-05-13,16.4800,16.6400,16.1900,16.2600,600290
2016-05-16,16.3200,16.6250,16.2260,16.5000,352304
2016-05-17,16.4200,16.5700,16.1200,16.1900,585241
2016-05-18,16.2100,16.9200,16.1900,16.9000,541960
2016-05-19,16.8300,16.9700,16.4050,16.6200,540398
2016-05-20,16.7300,16.9800,16.7100,16.8500,497997
2016-05-23,16.8400,16.8700,16.7050,16.7800,360262
2016-05-24,16.8500,17.3100,16.7600,17.2600,604924
2016-05-25,17.3900,17.5400,16.8600,17.3700,702402
2016-05-26,17.3800,17.4375,17.1700,17.2900,391453
2016-05-27,17.3400,17.4300,17.2200,17.4300,373375
2016-05-31,17.4500,17.6400,17.4400,17.5500,462005
2016-06-01,17.4800,17.6900,17.3400,17.6500,392894
2016-06-02,17.5800,17.6800,17.4500,17.6400,392825
2016-06-03,17.4200,17.4200,17.0300,17.3400,370605
2016-06-06,17.3800,17.6950,16.9400,17.6100,483040
2016-06-07,17.6400,17.6800,17.4900,17.5700,347272
2016-06-08,17.5400,17.7250,17.4800,17.6700,292438
2016-06-09,17.5500,17.5500,17.2500,17.4700,458201
2016-06-10,17.1900,17.2900,17.1000,17.1600,447033
2016-06-13,17.0900,17.2300,16.8600,16.9100,459699
2016-06-14,16.8400,17.0100,16.5050,16.5900,354498
2016-06-15,16.6200,16.9200,16.5700,16.6100,362139
2016-06-16,16.5100,16.5600,16.3000,16.4700,405660
2016-06-17,16.5200,16.6700,16.3599,16.4800,1023058
2016-06-20,16.7600,17.0350,16.7300,16.7400,326582
2016-06-21,16.7700,16.8200,16.6200,16.7500,356251
2016-06-22,16.7200,16.9200,16.6100,16.6200,521813
2016-06-23,16.9000,17.2300,16.6700,17.2300,625036
2016-06-24,16.2900,16.8500,16.0900,16.1100,917869
2016-06-27,15.8100,15.8300,15.2500,15.3100,812388
2016-06-28,15.5500,15.7250,15.3900,15.6600,749735
2016-06-29,15.9000,16.0000,15.7700,15.9900,625987
2016-06-30,16.0500,16.3900,15.8600,16.3900,542905
2016-07-01,16.2200,16.3500,16.0600,16.1800,399533
2016-07-05,15.9300,15.9300,15.4750,15.5700,480870
2016-07-06,15.4900,15.7500,15.3900,15.7000,379696
2016-07-07,15.7300,16.0500,15.7300,15.9200,295947
2016-07-08,16.1800,16.3700,16.0900,16.2700,754690
2016-07-11,16.4500,16.6800,16.3700,16.6000,408028
2016-07-12,16.8600,17.1800,16.8200,17.0700,643443
2016-07-13,17.0400,17.1400,16.9200,17.0900,415713
2016-07-14,17.4100,17.4100,17.2100,17.2100,713140
2016-07-15,17.3500,17.3800,16.5800,17.2300,542749
2016-07-18,17.2600,17.2600,16.8900,17.1100,308555
2016-07-19,17.0100,17.2100,17.0100,17.0400,264740
2016-07-20,17.0700,17.1000,16.9600,17.0300,265662
2016-07-21,17.1700,17.2190,15.8200,16.4100,632642
2016-07-22,16.4700,16.6800,16.3650,16.6300,403222
2016-07-25,16.6200,16.6500,16.3650,16.4000,347956
2016-07-26,16.3500,16.5100,16.3500,16.4800,315789
2016-07-27,16.4900,16.7400,16.4800,16.6100,450275
2016-07-28,16.5400,16.6500,16.4100,16.5700,354381
2016-07-29,16.5500,16.5900,16.3600,16.4500,608186
2016-08-01,16.5000,16.6300,16.3200,16.3500,257629
2016-08-02,16.3500,16.4000,16.1050,16.1700,428550
2016-08-03,16.1900,16.4500,16.1900,16.4500,320957
2016-08-04,16.4500,16.5850,16.4100,16.5100,220584
2016-08-05,16.6800,17.2100,16.5500,17.1800,473172
2016-08-08,17.2000,17.2400,16.9800,17.0300,227283
2016-08-09,17.0800,17.1450,17.0000,17.1100,288746
2016-08-10,17.0000,17.1200,16.8300,16.9200,541815
2016-08-11,16.9400,17.1450,16.9350,17.0000,437166
2016-08-12,16.9200,17.0000,16.8200,16.9400,257737
2016-08-15,17.0100,17.1500,16.9800,17.0800,342273
2016-08-16,17.0500,17.1600,16.8900,17.0500,288338
2016-08-17,17.0200,17.1900,17.0200,17.0800,493744
2016-08-18,17.0900,17.2300,17.0260,17.2300,317416
2016-08-19,17.2000,17.2250,16.6500,17.1900,475841
2016-08-22,17.1500,17.2500,17.0700,17.2100,235532
2016-08-23,17.2500,17.3600,17.0900,17.3000,292706
2016-08-24,17.3200,17.4400,17.1900,17.3000,256141
2016-08-25,17.2900,17.4700,17.2900,17.4350,309291
2016-08-26,17.4300,17.6100,17.3000,17.5400,430880
2016-08-29,17.5300,17.7100,17.4300,17.5900,433753
2016-08-30,17.6400,17.7800,17.5500,17.7600,427770
2016-08-31,17.7600,17.8400,17.6100,17.7900,645754
2016-09-01,17.8100,17.8800,17.5400,17.6400,324517
2016-09-02,17.7300,17.7700,17.5500,17.7700,477374
2016-09-06,17.7600,17.7600,17.3900,17.4300,319119
2016-09-07,17.4100,17.5600,17.3300,17.5100,392083
2016-09-08,17.5100,17.5200,17.3900,17.4800,710908
2016-09-09,17.4000,17.4800,17.2300,17.2400,467231
2016-09-12,17.1300,17.2400,16.9900,17.2300,476384
2016-09-13,17.1100,17.1100,16.8000,16.9900,442370
2016-09-14,17.0100,17.0700,16.7700,16.8000,356511
2016-09-15,16.8200,16.9900,16.8000,16.9600,203424
2016-09-16,16.9600,16.9900,16.7600,16.9600,890024
2016-09-19,16.9900,17.1850,16.9500,17.0800,355670
2016-09-20,17.1600,17.1900,17.0500,17.1200,347799
2016-09-21,17.2000,17.3400,17.1300,17.2500,340014
2016-09-22,17.3000,17.5700,17.3000,17.5600,351861
2016-09-23,17.5200,17.6100,17.4500,17.5200,458937
2016-09-26,17.4200,17.4550,17.2000,17.2000,377500
2016-09-27,17.2200,17.4300,17.1100,17.4300,682415
2016-09-28,17.4500,17.6400,17.4350,17.6300,537249
2016-09-29,17.6700,17.7700,17.3600,17.3700,490928
2016-09-30,17.4500,17.7100,17.3700,17.6100,514810
2016-10-03,17.3600,17.4600,17.1000,17.2100,350962
2016-10-04,17.2900,17.5000,17.1900,17.4500,514193
2016-10-05,17.5500,17.8000,17.4600,17.7000,372740
2016-10-06,17.7200,17.8500,17.6400,17.8000,448296
2016-10-07,17.7500,17.8900,17.5950,17.8400,455019
2016-10-10,17.9200,18.0700,17.9000,17.9600,194445
2016-10-11,17.9400,18.0400,17.7900,17.8600,337542
2016-10-12,17.8400,17.9000,17.5700,17.5900,414856
2016-10-13,17.4200,17.4200,17.0900,17.1300,350642
2016-10-14,17.3500,17.4400,17.1600,17.2400,232106
2016-10-17,17.2900,17.3200,17.0700,17.1000,169026
2016-10-18,17.3100,17.3100,17.0500,17.1500,333806
2016-10-19,17.2500,17.5700,17.1600,17.4400,403162
2016-10-20,17.5600,17.5600,16.5100,17.0700,568618
2016-10-21,16.9000,16.9800,16.8200,16.8600,518934
2016-10-24,16.9500,17.1800,16.9200,17.0200,412824
2016-10-25,16.9700,17.0400,16.8400,16.8500,309205
2016-10-26,16.7900,16.9950,16.7800,16.8000,283633
2016-10-27,16.9400,16.9600,16.7400,16.7700,299735
2016-10-28,16.8100,16.8300,16.5400,16.7000,306402
2016-10-31,16.7200,16.8200,16.6100,16.7800,390393
2016-11-01,16.8700,16.8700,16.4900,16.6000,387258
2016-11-02,16.5000,16.5600,16.3200,16.4800,397111
2016-11-03,16.5700,16.7100,16.5100,16.6100,351902
2016-11-04,16.6300,16.9000,16.5301,16.6700,285054
2016-11-07,16.9700,17.2500,16.9700,17.2000,434637
2016-11-08,17.1400,17.2900,16.9000,17.1700,416768
2016-11-09,17.3700,18.2700,17.2700,18.2200,1101849
2016-11-10,18.2700,19.3500,17.8600,19.2900,1362880
2016-11-11,19.2300,20.0400,19.2300,20.0400,1360325
2016-11-14,20.0000,21.2000,19.9600,20.9800,956270
2016-11-15,20.7100,21.3000,20.5300,21.2800,1107062
2016-11-16,20.9700,21.2500,20.8400,21.1000,656430
2016-11-17,21.1200,21.2200,20.7000,20.7400,987782
2016-11-18,20.8400,21.4150,20.7500,21.3500,698495
2016-11-21,20.9900,21.4800,20.7300,21.4400,564266
2016-11-22,21.5000,21.6200,21.1700,21.5100,666295
2016-11-23,21.6000,21.7800,21.4400,21.6900,562196
2016-11-25,21.7600,21.7600,21.3800,21.5500,319712
2016-11-28,21.4600,21.4800,20.8300,20.9000,853867
2016-11-29,20.9000,21.1200,20.7350,20.7800,934109
2016-11-30,20.9500,21.0450,20.6700,20.7700,1118031
2016-12-01,20.9400,21.2100,20.7300,21.1900,644079
2016-12-02,21.1700,21.1700,20.8200,20.9600,614154
2016-12-05,21.2100,21.5700,21.2100,21.5100,456405
2016-12-06,21.6500,21.9700,21.4700,21.9600,539953
2016-12-07,21.9000,22.3200,21.8100,22.2600,512030
2016-12-08,22.4100,23.0450,22.2534,23.0100,565979
2016-12-09,23.0200,23.0200,22.5600,22.9900,482183
2016-12-12,23.0000,23.0950,22.0900,22.1700,1142510
2016-12-13,22.2600,22.4000,22.0100,22.2700,522534
2016-12-14,22.1200,22.4200,21.8800,22.1000,641457
2016-12-15,22.1800,22.8200,22.1300,22.6100,857165
2016-12-16,22.5800,22.7800,22.2300,22.3000,2394497
2016-12-19,22.3000,22.5100,21.9800,22.5100,514210
2016-12-20,22.6100,22.8700,22.5600,22.8700,317861
2016-12-21,22.9200,23.1050,22.7400,22.9800,427129
2016-12-22,23.1100,23.1900,22.8700,23.0200,446155
2016-12-23,22.9700,23.0500,22.8300,23.0000,174366
2016-12-27,23.0400,23.2300,22.9201,23.1900,204388
2016-12-28,23.1900,23.2300,22.8950,22.9700,210373
2016-12-29,23.0100,23.2100,22.7000,22.9000,223261
2016-12-30,23.0200,23.1100,22.8100,22.9300,315297
2017-01-03,23.2900,23.4400,22.8000,23.0400,424524
2017-01-04,23.0300,23.4400,22.9900,23.4000,490336
2017-01-05,23.3100,23.3200,22.6600,22.8000,338327
2017-01-06,22.9900,23.1000,22.8000,22.8200,242403
2017-01-09,22.6200,22.7899,22.3400,22.4800,290079
2017-01-10,22.4800,22.8600,22.3300,22.8100,306691
2017-01-11,22.7600,23.0500,22.5400,23.0500,294162
2017-01-12,22.8600,22.8600,22.2900,22.5100,288288
2017-01-13,22.6800,23.2000,22.4572,22.7500,215435
2017-01-17,22.5000,22.5000,21.9900,22.0300,281188
2017-01-18,22.2500,22.2500,21.8701,22.2100,309365
2017-01-19,22.5200,22.9600,22.0800,22.3900,472429
2017-01-20,22.4300,22.8500,22.4300,22.7900,560295
2017-01-23,22.7000,22.8300,22.4000,22.6600,433227
2017-01-24,22.7300,23.2900,22.6900,23.1900,474391
2017-01-25,23.4100,23.7500,23.3700,23.4900,768917
2017-01-26,23.5300,23.5450,23.0900,23.3600,730401
2017-01-27,23.2900,23.2900,22.8450,22.8700,376372
2017-01-30,22.7000,22.7000,22.2000,22.5300,485925
2017-01-31,22.4200,22.5900,22.2500,22.5400,389474
2017-02-01,22.7000,22.9800,22.3000,22.4400,375641
2017-02-02,22.2300,22.3600,21.8900,22.0300,452893
2017-02-03,22.3200,22.7800,22.3000,22.7200,573280
2017-02-06,22.5300,22.7300,22.4200,22.4900,281066
2017-02-07,22.6100,22.7100,22.2900,22.4700,386587
2017-02-08,22.3300,22.3300,21.8900,22.1100,371692
2017-02-09,22.1600,22.5900,22.1600,22.5500,233647
2017-02-10,22.5600,22.7400,22.3900,22.6600,237507
2017-02-13,22.7600,23.2100,22.7600,23.0700,332325
2017-02-14,23.0400,23.4490,22.9200,23.4000,446526
2017-02-15,23.4900,23.6050,23.2600,23.4800,327950
2017-02-16,23.5100,23.5100,23.2600,23.5000,268808
2017-02-17,23.4300,23.5600,23.0500,23.4900,1243888
2017-02-21,23.5800,23.8200,23.3600,23.6500,301635
2017-02-22,23.5200,23.7600,23.3800,23.6900,476007
2017-02-23,23.6900,23.8900,23.3300,23.8200,417602
2017-02-24,23.5000,23.7500,23.4500,23.7200,319824
2017-02-27,23.7200,24.0000,23.6400,23.9600,464075
2017-02-28,23.8500,23.9600,23.6400,23.7500,410174
2017-03-01,24.2000,24.6100,23.0400,24.5600,494569
2017-03-02,24.6300,24.6300,23.7650,23.7900,414907
2017-03-03,23.7900,24.0100,23.6400,23.7800,472702
2017-03-06,23.5300,23.6400,23.3100,23.5200,346745
2017-03-07,23.5300,23.5700,23.3500,23.4000,293003
2017-03-08,23.6500,23.7100,23.1400,23.1500,380351
2017-03-09,23.2400,23.4900,23.1100,23.1300,232510
2017-03-10,23.2600,23.3200,22.7900,23.0400,307210
2017-03-13,22.9800,23.4700,22.9800,23.3200,325604
2017-03-14,23.1800,23.3900,22.9400,23.3500,261071
2017-03-15,23.3900,23.6700,23.2500,23.2800,583953
2017-03-16,23.4200,23.6200,23.3400,23.6000,308251
2017-03-17,23.5500,23.8500,23.2200,23.7600,1636986
2017-03-20,23.7000,23.7175,23.1550,23.1800,271418
2017-03-21,23.3500,23.3500,21.4800,21.4900,693174
2017-03-22,21.2800,21.4750,20.8000,21.0800,692948
2017-03-23,21.0300,21.5500,20.9800,21.2600,361893
2017-03-24,21.3700,21.4950,21.0800,21.3000,530195
2017-03-27,20.8700,21.1850,20.5800,21.1100,508006
2017-03-28,21.0200,21.6100,21.0200,21.5000,330904
2017-03-29,21.4000,21.5800,21.2701,21.4500,262188
2017-03-30,21.5200,22.3000,21.5200,22.2100,489588
2017-03-31,22.0700,22.4300,21.9900,22.0900,478495
2017-04-03,22.0500,22.0500,21.3500,21.4800,531319
2017-04-04,21.3500,21.6100,21.2500,21.4200,373562
2017-04-05,21.6500,21.7299,20.9200,20.9300,485192
2017-04-06,20.9800,21.3050,20.8300,21.2100,348358
2017-04-07,20.9700,21.2300,20.9200,21.1600,388002
2017-04-10,21.2300,21.3600,20.8600,20.9000,452632
2017-04-11,20.7200,21.2250,20.6300,21.2100,478828
2017-04-12,21.1000,21.2500,20.7400,20.8100,255101
2017-04-13,20.7500,20.7600,20.2700,20.3100,390222
2017-04-17,20.3400,20.6800,20.2100,20.6500,384958
2017-04-18,20.4400,20.6900,20.2700,20.6200,275971
2017-04-19,20.8300,21.0394,20.6900,20.7500,479126
2017-04-20,20.9300,21.2500,20.8300,21.2200,397631
2017-04-21,21.1900,21.3900,21.0800,21.2700,364557
2017-04-24,21.8600,22.0300,21.6300,21.7200,391121
2017-04-25,22.0000,22.1600,21.7900,21.8000,275416
2017-04-26,21.8400,22.5300,21.7900,22.3100,920294
2017-04-27,22.4200,22.4200,21.9510,22.0300,412305
2017-04-28,22.0500,22.4500,21.5200,21.5400,402731
2017-05-01,21.6700,21.8000,21.3300,21.7100,369315
2017-05-02,21.7800,21.8000,21.3300,21.4900,264444
2017-05-03,21.3600,21.7500,21.2900,21.7000,366949
2017-05-04,21.9000,22.2400,21.7500,22.0150,308665
2017-05-05,22.1400,22.1400,21.7600,22.0100,363763
2017-05-08,22.0100,22.2400,22.0100,22.1200,327117
2017-05-09,22.1800,22.2800,21.7500,21.8300,283256
2017-05-10,21.7200,21.9600,21.7100,21.7800,249059
2017-05-11,21.6400,21.7150,21.1900,21.3400,382848
2017-05-12,21.1700,21.2400,20.8400,21.2400,405536
2017-05-15,21.2700,21.6800,21.2700,21.5000,318615
2017-05-16,21.5000,21.6390,21.2800,21.6200,215045
2017-05-17,21.0100,21.1700,20.3600,20.5700,490408
2017-05-18,20.5200,20.8700,20.4700,20.5300,672855
2017-05-19,20.7700,20.8400,20.4800,20.5000,769093
2017-05-22,20.5900,20.6950,20.4400,20.4700,536782
2017-05-23,20.5000,21.0200,20.4000,20.8600,483006
2017-05-24,20.9500,20.9500,20.6100,20.7500,214533
2017-05-25,20.8300,21.0000,20.5500,20.7600,251726
2017-05-26,20.7300,20.8400,20.5500,20.6600,203390
2017-05-30,20.5500,20.5800,20.1800,20.3500,200207
2017-05-31,20.3900,20.3900,19.9000,20.3000,256315
2017-06-01,20.4100,20.7600,20.2200,20.7500,288025
2017-06-02,20.4800,21.0100,20.3900,20.6300,374338
2017-06-05,20.6400,20.9100,20.5550,20.5700,209069
2017-06-06,20.3900,20.5650,20.2200,20.4300,400462
2017-06-07,20.4800,20.8800,20.3300,20.7400,641027
2017-06-08,20.7200,21.9000,20.6500,21.4500,628633
2017-06-09,21.6000,22.5200,21.3700,22.4700,578907
2017-06-12,22.5000,22.8525,22.0800,22.3400,539347
2017-06-13,22.5100,22.6200,22.2600,22.3900,206542
2017-06-14,22.2000,22.3700,21.8100,22.2800,314182
2017-06-15,22.0300,22.5300,22.0300,22.3100,233261
2017-06-16,21.8500,22.2750,21.8500,22.2200,1166678
2017-06-19,22.3800,22.4900,22.0800,22.2500,337644
2017-06-20,22.1800,22.2600,21.9700,22.0100,304762
2017-06-21,22.0500,22.0500,21.5500,21.5900,269044
2017-06-22,21.5800,21.7500,20.3000,21.5400,309199
2017-06-23,21.6000,21.7900,21.4000,21.5600,709970
2017-06-26,21.6100,21.9600,21.0700,21.7200,289900
2017-06-27,21.8300,22.1300,21.7000,21.8800,380653
2017-06-28,22.0400,22.4800,21.9300,22.1500,468595
2017-06-29,22.6600,22.7500,22.2930,22.6500,329311
2017-06-30,22.7300,22.7500,22.3500,22.4300,268726
2017-07-03,22.3700,22.9300,22.3700,22.8100,173447
2017-07-05,22.8400,22.8400,22.3300,22.5100,242880
2017-07-06,22.4600,22.6400,22.2900,22.3700,536031
2017-07-07,22.5000,22.6850,22.3400,22.6300,322116
2017-07-10,22.5700,22.8200,22.3850,22.6300,431183
2017-07-11,22.6700,22.6700,22.2700,22.5900,573828
2017-07-12,22.5700,22.8000,22.4900,22.6000,346003
2017-07-13,22.5000,22.6700,22.3400,22.4100,318290
2017-07-14,22.2300,22.2900,21.8600,22.1500,295780
2017-07-17,21.7300,22.0950,21.4300,21.9900,550475
2017-07-18,21.8800,22.0400,21.7500,21.9600,204203
2017-07-19,21.9500,22.2000,21.8400,22.0700,227288
2017-07-20,22.3000,22.3000,21.7400,21.8800,347245
2017-07-21,22.1000,22.1000,21.4000,21.4100,438445
2017-07-24,21.5100,21.7900,21.4800,21.7100,190372
2017-07-25,22.1200,22.3150,22.0100,22.2300,282849
2017-07-26,22.2000,22.2000,21.5300,21.5800,231788
2017-07-27,21.6000,21.8400,21.4800,21.6000,194165
2017-07-28,21.5400,21.6200,21.3919,21.4700,233309
2017-07-31,21.4900,21.7000,20.9900,21.5400,191103
2017-08-01,21.6900,21.7500,21.4900,21.7000,186944
2017-08-02,21.7000,21.8300,21.4900,21.7100,318378
2017-08-03,21.6300,21.7000,21.3000,21.3700,229314
2017-08-04,21.5500,21.7500,21.4400,21.5600,134021
2017-08-07,21.5600,21.6600,21.3100,21.4800,220090
2017-08-08,21.4400,21.9600,21.4400,21.5700,247100
2017-08-09,21.3100,21.4800,21.1700,21.2700,224383
2017-08-10,21.1000,21.1550,20.8300,20.8500,287667
2017-08-11,20.9700,21.1500,20.5000,20.6200,211357
2017-08-14,20.8200,21.2300,20.7000,21.1800,193954
2017-08-15,21.3700,21.3900,21.1000,21.1000,240598
2017-08-16,21.1800,21.3200,20.9400,21.0500,191050
2017-08-17,20.9200,20.9900,20.3400,20.4100,364076
2017-08-18,20.1800,20.4900,20.1400,20.4500,207713
2017-08-21,20.3700,20.3800,20.0800,20.3500,225513
2017-08-22,20.4700,20.5700,20.3700,20.5500,121596
2017-08-23,20.3500,20.7500,20.3500,20.5700,153345
2017-08-24,20.6700,20.6700,20.4700,20.6500,201263
2017-08-25,20.7000,20.9200,20.6500,20.8000,147450
2017-08-28,20.8500,20.9600,20.6200,20.7300,209355
2017-08-29,20.4300,20.7100,20.3500,20.6200,235179
2017-08-30,20.6200,20.8000,20.5200,20.6000,164346
2017-08-31,20.7000,20.8800,20.6200,20.7000,176440
2017-09-01,20.7400,20.9800,20.6950,20.9000,233554
2017-09-05,20.7800,20.7800,20.1000,20.2100,274809
2017-09-06,20.3300,20.4800,20.1300,20.2600,175385
2017-09-07,20.2600,20.2600,19.5800,19.8900,490745
2017-09-08,19.8500,20.2700,19.8500,20.1400,210323
2017-09-11,20.4500,20.7900,20.0821,20.6400,281367
2017-09-12,20.6500,21.0500,20.4750,20.9900,310409
2017-09-13,20.9700,21.3800,20.9300,21.2900,337657
2017-09-14,21.2500,21.3900,20.9900,21.0600,377500
2017-09-15,21.0600,21.2600,20.8700,21.2100,1250743
2017-09-18,21.3000,21.6000,21.0600,21.5500,294565
2017-09-19,21.4900,21.7000,21.4400,21.6600,314969
2017-09-20,21.6700,22.1300,21.4500,22.1200,401061
2017-09-21,22.1200,22.3400,22.0100,22.3100,328444
2017-09-22,22.2200,22.5800,22.1100,22.5600,428886
2017-09-25,22.5400,22.8100,22.4500,22.8000,387648
2017-09-26,22.8000,22.9400,22.6400,22.8300,513677
2017-09-27,23.0000,23.6700,22.8400,23.5700,468423
2017-09-28,23.4500,23.8900,23.3600,23.8500,428271
2017-09-29,23.8100,24.2900,23.7800,24.1700,720613
2017-10-02,24.1600,24.5000,23.9100,24.4900,810611
2017-10-03,25.2500,25.2500,23.8700,24.1900,663484
2017-10-04,24.1000,24.1500,23.3500,23.3900,443293
2017-10-05,23.4500,23.9500,23.2250,23.7200,345121
2017-10-06,23.8100,23.9800,23.4100,23.7100,316915
2017-10-09,23.8300,23.8600,23.6350,23.6800,291160
2017-10-10,23.8500,23.9400,23.7200,23.8400,275635
2017-10-11,23.7400,24.0400,23.6600,23.6900,168132
2017-10-12,23.7400,23.7400,23.4000,23.4200,435447
2017-10-13,23.1900,23.6750,23.0800,23.4900,400234
2017-10-16,23.5200,23.7950,23.4900,23.6700,263543
2017-10-17,23.8200,23.8335,23.2400,23.2600,281193
2017-10-18,23.3800,23.7200,23.3200,23.5000,338611
2017-10-19,23.9700,24.2600,23.3400,24.1000,625785
2017-10-20,24.4800,24.4800,23.9600,24.0300,425183
2017-10-23,24.0400,24.1400,23.7700,23.8800,270985
2017-10-24,23.9900,24.2200,23.8900,24.0800,222380
2017-10-25,24.1800,24.1800,23.6500,23.9100,271192
2017-10-26,23.9200,24.2600,23.9100,24.2000,134187
2017-10-27,24.1500,24.4700,24.0500,24.2900,256467
2017-10-30,24.1300,24.1600,23.4800,23.6300,227925
2017-10-31,23.6900,24.0600,23.5671,23.8600,207753
2017-11-01,24.0100,24.0900,23.4400,23.6200,170971
2017-11-02,23.6500,24.0150,23.5300,23.9600,262702
2017-11-03,24.0000,24.0600,23.7700,23.8700,217654
2017-11-06,23.8000,23.9900,23.6400,23.8100,249773
2017-11-07,23.7700,23.8500,22.9500,23.0000,284997
2017-11-08,22.9000,22.9750,22.5900,22.9200,339171
2017-11-09,22.7800,22.9800,22.2500,22.6100,364830
2017-11-10,22.6800,22.7800,22.5100,22.5200,277540
2017-11-13,22.3400,22.8800,22.2500,22.8400,173436
2017-11-14,22.6200,23.4400,22.6200,22.7800,348602
2017-11-15,22.4800,23.0500,22.4800,22.8900,218236
2017-11-16,23.0500,23.0900,22.5900,22.9000,321167
2017-11-17,22.7100,23.1500,22.5600,23.0200,310955
2017-11-20,23.1300,23.3900,23.0100,23.3900,178058
2017-11-21,23.5500,23.6900,23.4100,23.6400,354449
2017-11-22,23.6600,23.8700,23.5300,23.5300,166068
2017-11-24,23.6100,23.8100,23.2800,23.3700,125111
2017-11-27,23.3500,23.6500,23.2500,23.4200,191335
2017-11-28,23.4600,24.2900,23.3800,24.2700,320952
2017-11-29,24.4900,25.3900,24.3000,25.1400,504838
2017-11-30,25.4800,25.4800,24.5800,24.5900,293305
2017-12-01,24.6500,24.6800,23.5500,24.5300,408437
2017-12-04,25.0500,25.4900,24.7500,24.8200,422392
2017-12-05,25.0200,25.0200,24.1000,24.1100,303390
2017-12-06,24.0500,24.3000,23.9200,24.0100,215818
2017-12-07,23.8900,24.2600,23.8800,24.0600,162992
2017-12-08,24.2800,24.2800,23.8500,23.8700,176696
2017-12-11,23.9100,24.1000,23.6200,23.7400,223088
2017-12-12,23.8500,24.0500,23.6400,23.8200,206266
2017-12-13,23.8200,24.0700,23.6000,23.6600,233890
2017-12-14,23.6800,23.7800,23.1600,23.2400,385426
2017-12-15,23.2900,24.2100,23.2400,23.9100,1232985
2017-12-18,24.1800,24.5800,24.1200,24.3300,286045
2017-12-19,24.3900,24.4400,24.0500,24.1400,224196
2017-12-20,24.3800,24.3800,23.6700,23.9200,272490
2017-12-21,24.0800,24.4000,24.0300,24.2700,292587
2017-12-22,24.3700,24.3700,24.1100,24.1600,249494
2017-12-26,24.1100,24.3100,23.9200,24.0500,304092
2017-12-27,24.0500,24.2400,23.8200,23.8900,430819
2017-12-28,23.9800,24.0900,23.8600,23.9900,197571
2017-12-29,24.0500,24.0500,23.5400,23.5600,279679
2018-01-02,23.7500,23.9100,23.3300,23.4900,377399
2018-01-03,23.5100,23.6900,23.2700,23.4700,306329
2018-01-04,23.5600,23.7600,23.1700,23.2200,308881
2018-01-05,23.3600,23.5100,23.1700,23.4500,338654
2018-01-08,23.4200,23.5600,23.2900,23.4500,291741
2018-01-09,23.5100,23.9700,23.5100,23.7100,294293
2018-01-10,23.7500,24.3500,23.7400,23.9100,367237
2018-01-11,23.9800,24.3800,23.9700,24.3300,348538
2018-01-12,24.4700,24.7100,24.1900,24.3000,480102
2018-01-16,24.1100,24.4800,23.8500,24.0400,539879
2018-01-17,24.2000,24.4100,23.9600,24.3700,375887
2018-01-18,24.3300,24.4400,23.9000,23.9300,481034
2018-01-19,23.8500,24.4200,23.8500,24.4200,341246
2018-01-22,24.3500,24.5700,24.1400,24.5500,340380
2018-01-23,24.3500,24.6800,24.2000,24.5100,414101
2018-01-24,24.5900,25.1400,24.0600,24.0900,436289
2018-01-25,24.3100,24.3900,23.3500,23.6300,609299
2018-01-26,23.7600,23.7600,23.4900,23.7200,312282
2018-01-29,23.7100,23.8500,23.6400,23.6800,349717
2018-01-30,23.5700,23.7600,23.3800,23.4600,284068
2018-01-31,23.5300,23.6800,23.3400,23.4000,284932
2018-02-01,23.3500,23.6100,23.0800,23.6000,462508
2018-02-02,23.4900,23.9300,23.3100,23.3900,302848
2018-02-05,23.0600,23.4200,22.3300,22.3400,501744
2018-02-06,21.7900,22.6500,21.6400,22.5300,480149
2018-02-07,22.4000,22.7700,22.2600,22.6200,288811
2018-02-08,22.7500,22.9600,21.9700,21.9700,210748
2018-02-09,22.3400,22.6800,21.7200,22.4900,379350
2018-02-12,22.5700,23.3800,22.2600,22.6000,321361
2018-02-13,22.4300,22.7500,22.4300,22.7100,212363
2018-02-14,22.5300,23.2300,22.5200,23.2000,267860
2018-02-15,23.3200,23.3800,23.1200,23.3400,187544
2018-02-16,23.2200,23.7400,23.2200,23.6400,196622
2018-02-20,23.5100,23.8400,23.3100,23.3200,282101
2018-02-21,23.3200,23.8300,23.0800,23.5300,198210
2018-02-22,23.6700,23.6700,22.9700,23.0100,225338
2018-02-23,23.0300,23.3700,23.0300,23.3700,149219
2018-02-26,23.4200,23.6200,23.1900,23.6000,167542
2018-02-27,23.4000,23.7400,22.8000,23.4600,1197806
2018-02-28,23.5800,23.7100,23.0000,23.0000,426643
2018-03-01,23.1000,23.5200,22.8400,23.1400,508983
2018-03-02,22.9100,23.5800,22.8700,23.5000,230107
2018-03-05,23.2300,23.9800,23.0500,23.8500,381507
2018-03-06,23.8900,24.1400,23.5900,24.0700,448237
2018-03-07,23.9200,24.4100,23.9100,24.3400,422630
2018-03-08,24.4000,24.4100,23.7800,23.8600,309565
2018-03-09,24.0000,24.3800,23.8200,24.2600,434912
2018-03-12,24.3300,24.4700,24.1600,24.3200,371378
2018-03-13,24.3900,24.3900,24.0500,24.1300,224944
2018-03-14,24.2000,24.2300,23.7900,23.8400,354901
2018-03-15,23.9500,24.1000,23.7100,24.0400,234082
2018-03-16,24.0600,24.3500,24.0300,24.1400,884124
2018-03-19,24.1500,24.1700,23.6900,24.0900,222367
2018-03-20,24.1200,24.1900,23.8500,23.9100,209019
2018-03-21,23.9000,24.2200,23.7800,23.9300,223340
2018-03-22,23.7000,23.8200,23.1500,23.1900,221730
2018-03-23,23.2600,23.2600,22.3100,22.3200,349303
2018-03-26,22.6200,22.9100,22.4300,22.9000,707610
2018-03-27,22.9700,22.9700,22.3800,22.5000,298848
2018-03-28,22.5300,22.9500,22.3600,22.7500,357571
2018-03-29,22.8100,22.8700,22.6000,22.6400,411490
2018-04-02,22.6700,22.8300,21.9600,22.1300,313255
2018-04-03,22.2300,22.6400,22.2300,22.5500,358141
2018-04-04,22.0900,22.7100,22.0000,22.6400,321527
2018-04-05,22.8600,22.9500,22.5200,22.9000,469228
2018-04-06,22.6300,22.7900,21.9600,22.2200,330039
2018-04-09,22.3700,22.6300,22.0900,22.1000,362398
2018-04-10,22.4400,22.7100,22.2700,22.5900,353450
2018-04-11,22.4700,22.5400,22.2800,22.5100,243188
2018-04-12,22.6600,22.9700,22.4900,22.8300,348884
2018-04-13,23.1000,23.1000,22.3900,22.4500,456298
2018-04-16,22.6200,22.7300,22.4400,22.6300,273829
2018-04-17,22.7300,22.8000,22.2400,22.3300,383791
2018-04-18,22.3500,22.5100,22.0600,22.1800,522839
2018-04-19,23.2200,23.3200,21.9900,22.1500,884991
2018-04-20,22.0600,22.4500,22.0500,22.2700,743232
2018-04-23,22.3800,22.7100,22.3100,22.5800,367969
2018-04-24,22.6100,23.0000,22.6000,22.7700,469190
2018-04-25,22.6800,22.9000,22.5400,22.6800,319409
2018-04-26,22.5800,22.7300,22.4700,22.5100,266568
2018-04-27,22.4600,22.7300,22.4600,22.6200,228764
2018-04-30,22.6400,22.7400,22.1400,22.1500,268180
2018-05-01,22.2600,22.6400,21.9200,22.6100,436512
2018-05-02,22.4600,22.7600,22.2300,22.5100,255062
2018-05-03,22.3500,22.4500,22.0800,22.2500,260651
2018-05-04,22.2900,22.8000,22.0900,22.6000,310113
2018-05-07,22.6400,22.8500,22.4100,22.7300,470713
2018-05-08,22.7500,23.0000,22.7500,22.9400,326568
2018-05-09,22.9700,23.2400,22.8800,23.0900,244627
2018-05-10,23.0700,23.0700,22.7600,22.9600,235760
2018-05-11,22.9600,23.1100,22.8200,22.8900,175691
2018-05-14,22.9000,22.9800,22.7000,22.7300,338742
2018-05-15,22.7700,23.1800,22.7700,23.0000,376098
2018-05-16,23.0000,23.2500,22.9000,23.1300,449883
2018-05-17,23.1300,23.3500,23.0500,23.3000,348387
2018-05-18,23.3500,23.3500,23.1300,23.1400,749224
2018-05-21,23.2000,23.5300,23.2000,23.4800,243369
2018-05-22,23.5100,23.7900,23.5100,23.6000,263020
2018-05-23,23.4600,23.5500,23.3100,23.5100,199905
2018-05-24,23.4700,23.5300,22.9300,23.4300,327840
2018-05-25,23.2600,23.4400,23.2400,23.3700,239663
2018-05-29,23.1300,23.3300,22.9000,23.0600,399526
2018-05-30,23.2500,23.6000,23.1000,23.5300,303689
2018-05-31,23.4600,23.5700,23.1600,23.1900,272024
2018-06-01,23.5900,23.6700,23.3900,23.4500,480865
2018-06-04,23.5700,23.8000,23.4200,23.7800,353137
2018-06-05,23.5500,23.7100,23.1700,23.3700,531600
2018-06-06,23.5300,23.8800,23.4800,23.8700,572796
2018-06-07,23.9000,24.1100,23.6900,23.8700,492159
2018-06-08,23.8700,23.9800,23.7800,23.8600,351476
2018-06-11,23.9600,23.9600,23.5300,23.6200,307066
2018-06-12,23.6900,23.7000,23.2200,23.3200,266659
2018-06-13,23.4100,23.6600,23.1400,23.3700,380448
2018-06-14,23.4800,23.4800,23.0200,23.4600,405238
2018-06-15,23.3800,23.5400,22.9800,23.4700,857334
2018-06-18,23.3100,23.5900,23.1600,23.4700,324501
2018-06-19,23.3400,23.8500,23.3400,23.7900,356926
2018-06-20,23.8700,24.0600,23.7700,23.9200,518600
2018-06-21,24.0000,24.1000,23.6300,23.8500,415989
2018-06-22,23.9000,23.9900,23.5400,23.8000,1067373
2018-06-25,23.6400,23.7400,23.3600,23.4900,309767
2018-06-26,23.5300,23.5300,23.1400,23.2500,617996
2018-06-27,23.2500,23.3400,22.7400,22.7500,421709
2018-06-28,22.7400,22.8800,22.5600,22.6500,355317
2018-06-29,22.8400,22.9900,22.3800,22.4200,439362
2018-07-02,22.3200,22.8800,22.2400,22.8800,496545
2018-07-03,22.7400,22.9000,22.5600,22.6100,292943
2018-07-05,22.7700,22.8200,22.5800,22.8100,328838
2018-07-06,22.7700,22.9700,22.6200,22.8800,265796
2018-07-09,23.0100,23.3700,22.9300,23.2500,587360
2018-07-10,23.3800,23.4300,22.8400,23.0100,270591
2018-07-11,22.9300,23.1600,22.9000,22.9400,246774
2018-07-12,22.9900,23.0700,22.4100,22.4400,473111
2018-07-13,22.4500,22.5600,22.2400,22.2400,363152
2018-07-16,22.3300,22.4800,22.2000,22.3600,404684
2018-07-17,22.2600,22.4900,22.2400,22.2500,348224
2018-07-18,22.3500,22.5600,22.1900,22.5200,610060
2018-07-19,22.5500,22.8900,22.4100,22.8000,489147
2018-07-20,22.8900,23.2600,22.7100,23.1700,472344
2018-07-23,23.2100,23.8000,23.1500,23.6500,447001
2018-07-24,23.7000,23.7100,23.3400,23.5100,329575
2018-07-25,23.4900,23.6100,23.0500,23.1800,295316
2018-07-26,23.2100,23.6900,23.2100,23.6700,493655
2018-07-27,23.5500,23.8700,23.4600,23.6400,495370
2018-07-30,23.6000,23.9500,23.5900,23.6500,501327
2018-07-31,23.8000,23.9400,23.6600,23.9200,1033523
2018-08-01,23.9300,24.2300,23.8100,24.1200,461056
2018-08-02,24.1200,24.3200,23.9600,24.2100,357088
2018-08-03,24.1600,24.3100,23.7600,23.7800,348125
2018-08-06,23.8100,24.0100,23.6400,23.9500,404041
2018-08-07,24.0200,24.2900,23.9500,23.9900,225766
2018-08-08,23.9800,24.2200,23.8400,24.1800,215668
2018-08-09,24.1700,24.3000,24.0000,24.1100,144839
2018-08-10,23.9400,24.3200,23.8700,24.2200,333157
2018-08-13,24.2500,24.3600,24.0800,24.1300,383065
2018-08-14,24.1200,24.5100,24.1100,24.4200,573110
2018-08-15,24.3400,24.5100,24.1200,24.1500,447124
2018-08-16,24.2100,24.5400,24.1700,24.3800,560855
2018-08-17,24.3600,24.5700,24.1300,24.5000,719287
2018-08-20,24.5000,24.6500,24.3300,24.5200,774811
2018-08-21,24.5300,24.9700,24.5000,24.8600,648705
2018-08-22,24.7800,24.9100,24.6200,24.8300,812814
2018-08-23,24.7100,24.8700,24.6100,24.6500,697376
2018-08-24,24.6800,24.7600,24.5600,24.5700,541304
2018-08-27,24.6200,24.6600,24.2600,24.2800,540127
2018-08-28,24.3100,24.4100,23.9200,24.0300,463162
2018-08-29,24.0200,24.0600,23.8100,23.9500,437463
2018-08-30,23.9000,24.0000,23.7700,23.8100,539115
2018-08-31,23.7600,24.1400,23.7300,24.0500,883004
2018-09-04,24.0600,24.2400,23.9800,24.1400,822130
2018-09-05,24.0000,24.2300,23.9600,24.0000,1350626
2018-09-06,24.0300,24.2100,23.9700,24.0700,1139217
2018-09-07,24.0000,24.1300,23.9000,23.9900,1158748
2018-09-10,24.1500,24.1800,23.7200,23.9100,865058
2018-09-11,23.8600,24.0500,23.8225,23.8900,562881
2018-09-12,23.8500,23.8800,23.5300,23.7500,517540
2018-09-13,23.9100,23.9100,23.4900,23.5700,503801
2018-09-14,23.5700,24.0000,23.4500,23.8400,705277
2018-09-17,23.8400,23.9000,23.6000,23.6800,539202
2018-09-18,23.6000,23.7300,23.5100,23.5500,503686
2018-09-19,23.5500,23.9000,23.5500,23.6200,903193
2018-09-20,23.7300,23.9800,23.7100,23.7800,1079802
2018-09-21,23.7300,23.9500,23.5300,23.5600,3100774
2018-09-24,23.5500,23.5700,22.9800,23.0800,892354
2018-09-25,23.1700,23.2000,22.8300,22.8400,760340
2018-09-26,22.8300,22.8700,22.3600,22.4000,901140
2018-09-27,22.3900,22.5500,22.2600,22.2900,539708
2018-09-28,22.2500,22.4100,22.2400,22.3200,553035
2018-10-01,22.4200,22.5100,21.9300,21.9900,722106
2018-10-02,21.8000,22.0200,21.6600,21.8500,631554
2018-10-03,21.9200,22.4100,21.8300,22.3600,615052
2018-10-04,22.3400,22.6600,22.1100,22.3000,673323
2018-10-05,22.3600,22.4000,22.0000,22.1300,425842
2018-10-08,22.1200,22.4300,21.8400,22.3600,428465
2018-10-09,22.3000,22.4800,22.2100,22.4000,524787
2018-10-10,22.4400,22.6700,22.1700,22.1800,653858
2018-10-11,22.1100,22.2100,21.5300,21.5300,880684
2018-10-12,21.8400,21.8400,20.4900,21.1100,1088127
2018-10-15,21.1300,21.5400,21.0200,21.3700,835287
2018-10-16,21.4500,21.5200,21.0400,21.4700,653034
2018-10-17,21.4700,21.7400,21.1300,21.6200,365394
2018-10-18,21.5900,21.8100,21.2800,21.3500,680202
2018-10-19,21.2700,21.4900,21.0100,21.1600,537143
2018-10-22,21.2500,21.2800,20.5200,20.5400,723934
2018-10-23,20.4800,20.8800,20.1300,20.7100,836153
2018-10-24,20.6700,20.6700,20.0800,20.1400,797532
2018-10-25,19.5000,21.3700,19.5000,21.0400,1817365
2018-10-26,20.6100,21.0700,20.3700,20.8800,1338207
2018-10-29,21.2100,21.8900,21.1800,21.6700,1126049
2018-10-30,21.6800,22.1900,21.6400,22.0500,1311974
2018-10-31,22.2500,22.3600,21.8300,21.8500,721115
2018-11-01,22.0400,22.3300,21.9800,22.1900,544751
2018-11-02,22.4400,22.5100,22.1100,22.4400,529475
2018-11-05,22.4300,22.6400,22.3300,22.4400,652270
2018-11-06,22.3600,22.5100,22.1700,22.3800,433641
2018-11-07,22.4000,22.5400,22.0200,22.4200,595906
2018-11-08,22.3200,22.7200,22.3200,22.5300,476066
2018-11-09,22.4800,22.6800,22.2200,22.4000,464973
2018-11-12,22.3900,22.6100,22.2400,22.2500,478607
2018-11-13,22.2700,22.8100,22.2700,22.4000,643885
2018-11-14,22.5300,22.6900,21.9100,22.1400,697520
2018-11-15,22.0200,22.7500,21.8800,22.7300,466818
2018-11-16,22.5700,23.0700,21.6500,23.0600,980173
2018-11-19,23.0700,23.3500,22.8200,23.0200,462983
2018-11-20,22.8700,23.1400,22.7100,22.7800,585939
2018-11-21,22.8000,23.0100,22.5200,22.5500,420130
2018-11-23,22.4000,22.8442,22.4000,22.6600,163574
2018-11-26,22.8100,23.1800,22.7800,23.0200,348135
2018-11-27,22.9300,23.0700,22.7400,22.8700,299003
2018-11-28,22.9200,23.1500,22.6300,23.0900,532507
2018-11-29,22.9100,23.1200,22.6600,22.8900,350898
2018-11-30,22.8100,23.2800,22.7100,23.2400,558164
2018-12-03,23.5100,23.5100,22.7800,23.1500,448138
2018-12-04,23.0300,23.1500,21.7300,21.7600,696918
2018-12-06,21.5000,21.7100,21.1200,21.7100,754355
2018-12-07,21.7600,22.0200,21.4700,21.7100,614483
2018-12-10,21.6600,21.7000,21.2400,21.4500,463684
2018-12-11,21.4900,21.7400,21.1100,21.2800,372948
2018-12-12,21.5000,21.8200,21.3100,21.5500,507002
2018-12-13,21.5600,21.5600,21.0400,21.0800,277291
2018-12-14,21.0000,21.3200,20.6800,20.6900,445490
2018-12-17,20.6600,21.3300,20.4300,20.5200,413498
2018-12-18,20.6000,21.0300,20.1200,20.2300,524564
2018-12-19,20.2200,20.7075,19.5200,19.6700,505437
2018-12-20,19.7000,19.8200,19.4800,19.7100,866276
2018-12-21,19.7900,19.9900,19.3600,19.4500,1590688
2018-12-24,19.3600,19.6600,19.2300,19.2300,445698
2018-12-26,19.3400,20.1000,19.2100,20.0800,536682
2018-12-27,19.7600,20.2000,19.4900,20.2000,642655
2018-12-28,20.3000,20.5300,20.0400,20.2300,500647
2018-12-31,20.3900,20.3900,19.8921,20.2300,490566
2019-01-02,19.9400,20.6300,19.9400,20.5200,788204
2019-01-03,20.3600,20.8600,20.2200,20.4900,531393
2019-01-04,20.7900,21.2400,20.7200,21.0300,470515
2019-01-07,21.0000,21.2600,20.8600,21.0500,342961
2019-01-08,21.5000,21.8000,21.1500,21.7700,957796
2019-01-09,21.7900,22.0000,21.5900,21.8300,297593
2019-01-10,21.7900,21.8500,21.5700,21.8100,249516
2019-01-11,21.6600,21.9500,21.5900,21.7800,410097
2019-01-14,21.6500,21.9200,21.5900,21.7000,336771
2019-01-15,21.6600,21.8100,21.4800,21.7400,414429
2019-01-16,21.8800,22.1600,21.7800,22.0600,694964
2019-01-17,21.9300,22.3200,21.8800,22.2500,454027
2019-01-18,22.2400,22.6000,22.1000,22.5000,557185
2019-01-22,22.4100,22.5700,21.9900,22.1200,407155
2019-01-23,22.1100,22.1700,21.8100,22.0900,311246
2019-01-24,21.8700,22.3100,21.4500,21.9100,592904
2019-01-25,22.0200,22.2400,21.8900,22.0900,389142
2019-01-28,22.0900,22.2900,21.9500,22.2700,473137
2019-01-29,22.3900,22.4000,22.2000,22.2100,1282509
2019-01-30,22.1800,22.3100,21.9000,21.9500,1244903
2019-01-31,21.8400,21.9200,21.4200,21.9100,505891
2019-02-01,21.9300,22.1300,21.7500,21.8800,379395
2019-02-04,21.9200,22.2900,21.8200,22.2900,333668
2019-02-05,22.3400,22.3500,22.0100,22.1700,281570
2019-02-06,22.1300,22.3200,22.1200,22.3000,225364
2019-02-07,22.3500,22.6500,22.0900,22.4800,391635
2019-02-08,22.4100,22.5000,22.1400,22.1700,387420
2019-02-11,22.2500,22.3400,22.1400,22.3400,277548
2019-02-12,22.4000,22.5700,22.2700,22.4900,318033
2019-02-13,22.5000,22.6100,22.3700,22.5500,282196
2019-02-14,22.3600,22.4600,22.1700,22.2900,565128
2019-02-15,22.4200,22.6500,22.4100,22.6000,558454
2019-02-19,22.4500,22.8500,22.4300,22.8000,678307
2019-02-20,22.7500,23.1300,22.7100,23.1200,626955
2019-02-21,23.1700,23.1700,22.7650,22.8800,321030
2019-02-22,22.8900,22.9600,22.7600,22.9200,350274
2019-02-25,23.1000,23.1800,22.8400,22.8600,562721
2019-02-26,22.8500,22.9000,22.5300,22.5300,180971
2019-02-27,22.5200,22.7700,22.5100,22.7700,225804
2019-02-28,22.8000,22.9600,22.7600,22.7900,236144
2019-03-01,22.8900,22.9800,22.6400,22.8200,241289
2019-03-04,22.8200,22.9000,22.5800,22.7000,346848
2019-03-05,22.8300,22.8500,22.5200,22.7000,257907
2019-03-06,22.6800,22.7400,21.9600,21.9800,426259
2019-03-07,21.8900,21.9200,21.3500,21.4200,359115
2019-03-08,21.2800,21.4900,21.2500,21.4400,644576
2019-03-11,21.5100,21.7200,21.3800,21.7100,583432
2019-03-12,21.7200,21.8200,21.4700,21.5300,249024
2019-03-13,21.6100,21.8200,21.5600,21.7800,548914
2019-03-14,21.7700,21.8600,21.6700,21.8000,253625
2019-03-15,21.8000,22.0500,21.7000,21.7800,1445353
2019-03-18,21.8100,22.2600,21.8100,22.1700,373601
2019-03-19,22.2000,22.2200,21.6300,21.6600,293399
2019-03-20,21.6800,21.7900,21.0900,21.1100,377990
2019-03-21,21.0800,21.4400,20.8800,21.2000,513181
2019-03-22,20.9300,21.0400,20.1600,20.2200,669741
2019-03-25,20.2500,20.6200,20.1100,20.5000,474969
2019-03-26,20.5800,21.1200,20.5800,21.0800,431602
2019-03-27,21.0100,21.1800,20.7500,21.0600,392777
2019-03-28,21.0400,21.2700,20.8400,21.2400,389023
2019-03-29,21.4100,21.4500,20.9700,21.0500,509735
2019-04-01,21.2600,21.5900,21.2000,21.5700,350140
2019-04-02,21.3500,21.3800,21.1000,21.2100,322774
2019-04-03,21.4400,21.5300,21.1100,21.2100,218482
2019-04-04,21.2100,21.5700,21.2100,21.4200,271154
2019-04-05,21.4500,21.6200,21.3600,21.5700,313362
2019-04-08,21.5200,21.6200,21.3500,21.4600,232582
2019-04-09,21.3600,21.4400,21.0300,21.0700,357740
2019-04-10,21.0400,21.4000,20.9700,21.4000,460138
2019-04-11,21.5000,21.6000,21.2200,21.3500,281875
2019-04-12,21.6300,21.8600,21.4100,21.7800,309078
2019-04-15,21.7900,21.8000,21.3300,21.4000,175220
2019-04-16,21.4300,21.9100,21.3900,21.8600,283333
2019-04-17,21.9300,21.9300,21.6400,21.8700,278310
2019-04-18,21.7800,21.7800,21.3300,21.4000,275275
2019-04-22,21.3000,21.3800,20.9400,21.0200,331713
2019-04-23,21.1100,21.4900,20.9100,21.4700,739219
2019-04-24,21.3900,21.5700,21.3200,21.4100,416593
2019-04-25,21.4400,21.9600,21.0000,21.6100,471306
2019-04-26,21.4500,21.6550,21.0300,21.6100,334209
2019-04-29,21.7200,21.9300,21.2100,21.7800,509108
2019-04-30,21.8000,21.8800,21.6000,21.7000,523137
2019-05-01,21.6800,21.8100,21.2500,21.4500,1145047
2019-05-02,21.4000,21.7400,21.3900,21.7000,435431
2019-05-03,21.7200,22.2100,21.6200,22.1900,865262
2019-05-06,21.8200,22.2200,21.7500,22.0300,433183
2019-05-07,21.7200,21.8900,21.5600,21.7100,272426
2019-05-08,21.6300,21.7300,21.3500,21.3600,376023
2019-05-09,21.1000,21.4200,21.0200,21.3800,332913
2019-05-10,21.2900,21.4200,20.9600,21.4100,466377
2019-05-13,21.1200,21.1900,20.6300,20.7400,501691
2019-05-14,20.8100,21.3400,20.7100,21.2500,472241
2019-05-15,21.0000,21.0700,20.7600,21.0000,502815
2019-05-16,21.1600,21.4300,21.1500,21.3400,613947
2019-05-17,21.2200,21.5100,21.0900,21.2700,462974
2019-05-20,21.2200,21.5000,21.2200,21.3700,263553
2019-05-21,21.3900,21.5500,21.3100,21.5300,464146
2019-05-22,21.4700,21.4700,21.1900,21.2600,191091
2019-05-23,21.0500,21.0600,20.6800,20.8500,358140
2019-05-24,20.9400,21.2000,20.9100,21.1100,184590
2019-05-28,21.0400,21.1500,20.7900,20.8100,358074
2019-05-29,20.6900,21.1300,20.6000,21.0600,496294
2019-05-30,21.1200,21.2200,20.6200,20.8100,286788
2019-05-31,20.5200,20.6800,20.4000,20.5500,452605
2019-06-03,20.5100,20.8500,20.4400,20.5600,502646
2019-06-04,20.8600,21.2100,20.7600,21.2000,320641
2019-06-05,21.1500,21.2200,20.8200,21.2000,362785
2019-06-06,21.1500,21.2700,20.8500,21.1600,313513
2019-06-07,21.1100,21.2500,20.9700,21.0800,299513
2019-06-10,21.2800,21.5100,21.2350,21.2900,374556
2019-06-11,21.3800,21.5100,21.2700,21.3700,402326
2019-06-12,21.4100,21.4600,21.1800,21.2100,304245
2019-06-13,21.2000,21.4800,21.2000,21.3200,334622
2019-06-14,21.2800,21.3900,21.0800,21.2400,331534
2019-06-17,21.2600,21.3500,20.8800,20.9400,457464
2019-06-18,20.9600,21.4600,20.9300,21.4400,279803
2019-06-19,21.4300,21.6800,21.2400,21.2700,379829
2019-06-20,21.4300,21.5700,21.0700,21.5100,493266
2019-06-21,21.3400,21.6500,21.1700,21.3100,1020692
2019-06-24,21.3300,21.5100,21.0000,21.0000,478856
2019-06-25,21.0000,21.0400,20.7600,20.9100,545751
2019-06-26,20.9800,21.2400,20.9700,20.9900,553771
2019-06-27,20.9900,21.2400,20.9200,21.2300,614640
2019-06-28,21.3300,21.7000,21.0300,21.0300,4285085
2019-07-01,21.2500,21.3800,20.8200,21.1200,953277
2019-07-02,20.9400,21.0400,20.6500,20.8700,853120
2019-07-03,20.8800,20.9700,20.8400,20.9500,242668
2019-07-05,21.0400,21.2500,20.9700,21.1100,235265
2019-07-08,21.0000,21.0100,20.7600,20.8300,401834
2019-07-09,20.7200,20.9100,20.5800,20.7500,599631
2019-07-10,20.8000,20.9000,20.6000,20.6700,511311
2019-07-11,20.6800,20.8800,20.5400,20.8400,642619
2019-07-12,20.9400,21.2000,20.8500,21.0400,461396
2019-07-15,21.0000,21.0000,20.5900,20.6500,564103
2019-07-16,20.6600,20.8500,20.5000,20.7800,349125
2019-07-17,20.6500,20.7700,20.5300,20.6400,554211
2019-07-18,20.7200,20.9100,20.5500,20.8000,345531
2019-07-19,20.4700,20.6600,20.0900,20.3700,1367800
2019-07-22,20.3800,20.5400,20.1900,20.3300,475699
2019-07-23,20.4200,20.5400,20.2400,20.5300,510755
2019-07-24,20.4800,20.9800,20.4800,20.9400,644429
2019-07-25,21.5000,21.7200,20.7800,21.4400,1060098
2019-07-26,21.4500,21.7400,21.4000,21.6400,1064237
2019-07-29,21.6100,21.9100,21.5300,21.8000,1085192
2019-07-30,21.6400,22.0200,21.6400,22.0000,712117
2019-07-31,22.0300,22.2300,21.8900,22.0100,1015434
2019-08-01,21.8900,22.1100,21.2800,21.3600,1012466
2019-08-02,21.2200,21.3800,20.8400,21.0400,466888
2019-08-05,20.7100,20.7300,20.2500,20.5800,656805
2019-08-06,20.6500,20.8300,20.2800,20.6400,549380
2019-08-07,20.3400,20.4900,20.0700,20.3900,499355
2019-08-08,20.5800,20.8700,20.4700,20.7900,367174
2019-08-09,20.7100,20.9100,20.5900,20.8300,480515
2019-08-12,20.6300,20.8100,20.5200,20.6100,537266
2019-08-13,20.6300,21.0400,20.5900,20.8500,430261
2019-08-14,20.4000,20.6300,20.2900,20.3700,606738
2019-08-15,20.4000,20.6700,20.1400,20.2000,401216
2019-08-16,20.3200,20.7500,20.2250,20.7500,492025
2019-08-19,21.0100,21.0200,20.8500,20.8600,447294
2019-08-20,20.8200,20.8200,20.5200,20.6500,417571
2019-08-21,20.8100,20.8100,20.5400,20.6300,392155
2019-08-22,20.8000,20.8500,20.5400,20.7600,497300
2019-08-23,20.7800,20.8200,20.1400,20.1900,724785
2019-08-26,20.4200,20.5900,20.2700,20.5900,478179
2019-08-27,20.7100,20.7600,20.0400,20.0700,635826
2019-08-28,20.0000,20.3400,20.0000,20.2700,805034
2019-08-29,20.4300,20.6400,20.4300,20.5500,426705
2019-08-30,20.6300,20.6600,20.4200,20.5700,374632
2019-09-03,20.3700,20.4700,20.0000,20.1200,532145
2019-09-04,20.2100,20.2800,20.0000,20.1000,591538
2019-09-05,20.4500,20.6600,20.3000,20.4400,773096
2019-09-06,20.5000,20.5000,20.2300,20.3000,387599
2019-09-09,20.4300,21.4800,20.3000,21.4000,1625002
2019-09-10,21.4500,21.6600,21.2900,21.3400,1132484
2019-09-11,21.4100,21.5200,21.1600,21.3500,1353253
2019-09-12,21.2400,21.5200,21.0300,21.3700,1226176
2019-09-13,21.5000,21.6300,21.3500,21.5000,1598113
2019-09-16,21.3200,21.7900,21.2700,21.5600,1023104
2019-09-17,21.4400,21.6400,21.3900,21.6200,1007675
2019-09-18,21.5800,21.9100,21.5200,21.8300,895032
2019-09-19,21.9000,22.0000,21.6200,21.6300,813833
2019-09-20,21.6800,21.8600,21.3600,21.6700,6653664
2019-09-23,21.5900,21.6800,21.3000,21.4900,660554
2019-09-24,21.4200,21.5300,20.9900,21.1000,776827
2019-09-25,21.0600,21.4100,21.0600,21.3400,687118
2019-09-26,21.2200,21.2200,20.8300,20.8700,453660
2019-09-27,20.9900,21.2500,20.7800,20.9200,439960
2019-09-30,20.9500,21.0700,20.7800,20.8700,1116499
2019-10-01,20.8800,20.9700,20.3200,20.4000,824634
2019-10-02,20.2300,20.3500,20.0300,20.1500,644738
2019-10-03,20.1100,20.2100,19.8300,20.1500,582947
2019-10-04,20.1800,20.3300,20.0000,20.3200,475847
2019-10-07,20.3100,20.5300,20.2000,20.4500,549190
2019-10-08,20.2100,20.2700,20.0100,20.0300,433606
2019-10-09,20.2300,20.3600,20.0000,20.0800,496195
2019-10-10,20.1100,20.3100,20.0400,20.1400,451209
2019-10-11,20.4200,20.6200,20.2000,20.3600,575245
2019-10-14,20.1800,20.3700,20.1500,20.3300,567393
2019-10-15,20.4200,20.7500,20.3000,20.6300,359007
2019-10-16,20.6300,20.8500,20.6100,20.6800,340008
2019-10-17,20.8100,20.9100,20.6900,20.9000,493546
2019-10-18,20.8000,21.0700,20.5800,20.9600,399612
2019-10-21,21.1400,21.4100,21.1400,21.2400,392029
2019-10-22,21.2900,21.5200,21.1100,21.4200,575978
2019-10-23,21.3600,21.4600,21.3000,21.3500,398894
2019-10-24,20.8100,20.8700,20.1600,20.4200,1124380
2019-10-25,20.4200,20.9900,20.0300,20.9600,614912
2019-10-28,20.9700,21.2000,20.7100,21.1700,744628
2019-10-29,21.1400,21.4200,21.1000,21.3400,530638
2019-10-30,21.2800,21.2800,20.9500,21.1100,480634
2019-10-31,20.9600,20.9600,20.4900,20.7800,524451
2019-11-01,20.9600,21.2100,20.8300,21.1800,620757
2019-11-04,21.4300,21.5000,21.2300,21.4700,388854
2019-11-05,21.4900,21.7100,21.3300,21.4800,583392
2019-11-06,21.3800,21.4500,21.2400,21.3300,389075
2019-11-07,21.4900,21.6400,21.4000,21.5000,630730
2019-11-08,21.4200,21.5700,21.3800,21.5000,417916
2019-11-11,21.4700,21.5400,21.3800,21.4500,284474
2019-11-12,21.4500,21.5500,21.3500,21.4500,289711
2019-11-13,21.2400,21.4600,21.1600,21.3400,315751
2019-11-14,21.2700,21.4400,21.2200,21.4000,387458
2019-11-15,21.5200,21.5300,21.2700,21.3300,418995
2019-11-18,21.2900,21.2900,21.0900,21.2100,255207
2019-11-19,21.3100,21.3900,21.1900,21.2400,358005
2019-11-20,21.1400,21.2800,20.9900,21.1300,500640
2019-11-21,21.2900,21.2900,21.0400,21.1200,292522
2019-11-22,21.1800,21.3000,21.1300,21.1700,210548
2019-11-25,21.1400,21.4400,21.1300,21.3700,534521
2019-11-26,21.3100,21.5100,21.2700,21.4000,810688
2019-11-27,21.4700,21.5700,21.3800,21.4500,509108
2019-11-29,21.4200,21.5100,21.3300,21.3600,264420
2019-12-02,21.4400,21.4800,21.1200,21.1900,526150
2019-12-03,20.9700,20.9700,20.7000,20.8600,343059
2019-12-04,20.9000,21.2300,20.8800,21.0400,618480
2019-12-05,21.1900,21.2500,21.0200,21.1300,462491
2019-12-06,21.2600,21.5400,21.1500,21.3600,629196
2019-12-09,21.3600,21.4000,21.2400,21.3600,727593
2019-12-10,21.4100,21.4500,21.2800,21.4400,382012
2019-12-11,21.4800,21.5200,21.3400,21.4800,784227
2019-12-12,21.6000,21.9500,21.4400,21.8500,653132
2019-12-13,21.8500,21.9500,21.5500,21.6000,910969
2019-12-16,21.8700,22.0000,21.8200,21.8500,489303
2019-12-17,21.9000,22.1200,21.8300,22.0600,952932
2019-12-18,22.1800,22.1800,21.9800,22.0700,466083
2019-12-19,22.0000,22.0800,21.9000,22.0000,631605
2019-12-20,22.0800,22.0800,21.8100,21.8600,1829057
2019-12-23,21.9100,21.9100,21.6700,21.7300,488932
2019-12-24,21.7600,21.7900,21.6200,21.7100,294950
2019-12-26,21.7100,21.7700,21.6500,21.7500,273425
2019-12-27,21.7200,21.9700,21.5000,21.5300,743680
2019-12-30,21.6700,21.7400,21.5500,21.5700,332282
2019-12-31,21.5400,21.7000,21.5400,21.5800,589277
2020-01-02,21.5400,21.5400,21.3200,21.5200,531457
2020-01-03,21.3000,21.5300,21.1600,21.5000,637206
2020-01-06,21.3300,21.4400,21.2100,21.3800,345701
2020-01-07,21.2400,21.2900,21.1000,21.1900,416802
2020-01-08,21.1800,21.4600,21.1400,21.3500,693845
2020-01-09,21.4900,21.5100,21.3000,21.3500,478568
2020-01-10,21.3700,21.5200,21.2000,21.2100,545633
2020-01-13,21.1900,21.2600,21.1100,21.2500,428796
2020-01-14,21.2000,21.4300,21.0800,21.3300,527730
2020-01-15,21.1600,21.3100,21.0900,21.1800,544593
2020-01-16,21.3500,21.6200,21.3400,21.5400,437108
2020-01-17,21.7400,21.7900,21.5900,21.7600,502605
2020-01-21,21.6200,21.6800,21.2600,21.2900,449520
2020-01-22,21.3700,21.6400,21.2500,21.3400,304215
2020-01-23,21.7800,21.8800,21.3300,21.6200,734238
2020-01-24,21.5500,21.5500,21.0000,21.1100,525949
2020-01-27,20.8200,21.1600,20.7300,20.9600,782409
2020-01-28,21.0400,21.2000,20.9600,20.9900,516717
2020-01-29,20.9800,21.0800,20.8100,20.8300,469070
2020-01-30,20.6500,21.0700,20.6300,21.0500,424351
2020-01-31,20.9000,20.9800,20.6100,20.7700,786288
2020-02-03,20.9300,21.1200,20.8900,21.0600,578344
2020-02-04,21.2300,21.4900,21.2300,21.3600,359527
2020-02-05,21.6200,21.9100,21.6100,21.8500,458630
2020-02-06,21.9900,22.0100,21.6800,21.7000,412033
2020-02-07,21.6000,21.6500,21.3600,21.4100,400766
2020-02-10,21.3400,21.4300,21.1800,21.3000,266703
2020-02-11,21.3800,21.6200,21.3400,21.3900,288120
2020-02-12,21.5300,21.5500,21.3300,21.4600,223687
2020-02-13,21.4200,21.5800,21.3700,21.5700,208095
2020-02-14,21.5800,21.7400,21.3400,21.4500,213879
2020-02-18,21.3200,21.4500,21.1500,21.2900,361572
2020-02-19,21.3700,21.4500,21.2100,21.2700,316032
2020-02-20,21.1800,21.5000,21.1800,21.3800,236024
2020-02-21,21.3400,21.3700,21.0300,21.0900,292633
2020-02-24,20.6100,20.6500,20.4000,20.5800,416528
2020-02-25,20.5900,20.6700,19.9500,20.0300,553070
2020-02-26,20.2000,20.2900,19.9200,19.9900,518649
2020-02-27,19.7100,20.1900,19.4000,19.4000,900988
2020-02-28,18.9100,19.2400,18.1500,18.5400,1239037
2020-03-02,18.5400,19.6500,18.4600,19.6300,798911
2020-03-03,19.4800,20.0700,19.0000,19.1800,1101088
2020-03-04,19.3600,19.5900,18.9100,19.5600,833515
2020-03-05,19.0100,19.3500,18.6400,18.8800,933664
2020-03-06,18.2000,18.9000,18.1700,18.6400,765137
2020-03-09,17.3400,18.1500,16.7900,16.8800,1044620
2020-03-10,17.4000,17.7200,16.7000,17.3300,1222045
2020-03-11,16.8800,17.1200,16.2700,16.4000,1263596
2020-03-12,15.3300,16.6000,14.9200,15.1400,1500070
2020-03-13,16.0700,17.0300,15.8200,17.0100,1899450
2020-03-16,15.5200,17.4500,15.2000,16.8100,1265243
2020-03-17,17.0600,19.4700,17.0200,19.4500,1961951
2020-03-18,18.5100,19.5900,18.3100,19.0300,2108371
2020-03-19,18.7200,19.9900,18.0700,19.2300,2431708
2020-03-20,19.0800,19.7100,17.6100,17.7900,2306808
2020-03-23,17.7500,18.5000,15.9300,16.2300,2028109
2020-03-24,16.8400,17.9900,16.5600,17.9300,1519286
2020-03-25,18.0400,19.1500,17.4100,18.1500,1702783
2020-03-26,18.3700,19.9700,18.3700,19.8800,1923098
2020-03-27,19.2500,19.7400,19.1200,19.2200,1843020
2020-03-30,19.4100,20.1800,19.4100,20.1100,1798901
2020-03-31,19.9700,20.2200,19.7400,20.0500,1644375
2020-04-01,19.1900,19.9300,18.7400,19.2900,1196557
2020-04-02,19.1300,19.9500,19.0200,19.8700,780315
2020-04-03,19.7600,20.0000,19.0600,19.5000,874165
2020-04-06,20.2200,20.2500,19.2600,19.6600,1386915
2020-04-07,20.0500,20.0500,19.0100,19.0900,1132220
2020-04-08,19.0500,19.2600,18.6800,19.0300,1155697
2020-04-09,19.4900,20.7400,19.4000,20.6500,1074981
2020-04-13,20.5700,20.7800,19.1600,19.3400,616625
2020-04-14,19.8500,19.9500,19.0100,19.4100,643856
2020-04-15,18.6900,18.8900,18.3500,18.4500,644796
2020-04-16,18.4600,19.1300,18.0700,18.5800,1086017
2020-04-17,18.8500,19.5400,18.8500,19.3600,754370
2020-04-20,19.0000,19.8700,18.9400,19.5300,745051
2020-04-21,19.0700,19.5200,18.8900,19.3300,504202
2020-04-22,19.7500,20.0000,18.9500,19.0800,477908
2020-04-23,18.5700,19.3500,18.2500,19.0800,592486
2020-04-24,19.3500,19.7400,19.0600,19.2800,698874
2020-04-27,19.5600,20.6100,19.4700,20.4100,692059
2020-04-28,20.7900,21.0000,20.6700,20.8100,826624
2020-04-29,21.0000,22.2200,20.9900,21.7300,1029447
2020-04-30,21.1600,21.2800,20.7000,20.7900,757980
2020-05-01,20.3600,20.8600,19.7300,20.0100,646039
2020-05-04,19.7200,19.9100,19.4500,19.7600,717018
2020-05-05,20.0600,20.1600,19.5600,19.6000,449012
2020-05-06,19.7100,20.2200,18.8900,19.0400,714594
2020-05-07,19.4000,19.5000,18.5500,18.6000,678386
2020-05-08,19.0900,19.5000,18.8700,19.4300,488264
2020-05-11,19.1700,19.7900,18.5200,18.5900,592643
2020-05-12,18.6300,18.6600,17.6300,17.6800,583158
2020-05-13,17.5000,17.8400,16.6700,16.9300,899683
2020-05-14,16.4600,17.0300,15.9700,16.8800,1068249
2020-05-15,16.8000,16.8600,16.5900,16.7600,777301
2020-05-18,17.4600,18.3000,16.9700,18.2000,721942
2020-05-19,18.0900,18.2800,17.5100,17.5200,609352
2020-05-20,17.8000,18.4900,17.8000,18.3100,646929
2020-05-21,18.2600,18.5300,18.0100,18.1100,444386
2020-05-22,18.1600,18.2900,17.8600,18.0300,383537
2020-05-26,18.8000,19.2800,18.3100,19.1000,581712
2020-05-27,19.8500,20.4300,19.5400,20.3400,718043
2020-05-28,20.6300,20.6300,19.4700,19.6200,497399
2020-05-29,19.8800,19.8800,19.0100,19.5100,706132
2020-06-01,19.6100,19.7100,19.1900,19.2000,493474
2020-06-02,19.3900,19.4200,18.7100,18.8300,387623
2020-06-03,19.3300,19.9100,19.2800,19.5900,596655
2020-06-04,19.4500,19.8200,19.2200,19.7000,696525
2020-06-05,20.5000,21.7400,20.1900,21.1800,1254572
2020-06-08,21.1000,21.6200,20.5300,20.7000,699667
2020-06-09,20.0700,20.8100,19.8800,20.4500,748855
2020-06-10,20.4800,20.4800,19.7000,19.8800,703166
2020-06-11,18.9200,19.2300,18.1100,18.2100,819299
2020-06-12,19.0700,19.0700,17.8900,18.5100,1033065
2020-06-15,17.8400,18.8200,17.7800,18.5900,800340
2020-06-16,19.3200,19.4700,18.7500,19.1300,701333
2020-06-17,19.2900,19.3600,18.6500,18.7100,576810
2020-06-18,18.5200,19.0600,18.4900,18.9200,637020
2020-06-19,18.9500,19.0400,18.1600,18.8700,3890714
2020-06-22,18.6300,18.8500,18.3700,18.6100,575806
2020-06-23,18.7500,19.0300,18.3800,18.3900,570580
2020-06-24,18.1800,18.1800,17.5300,17.6100,688373
2020-06-25,17.5000,18.1800,17.2900,18.1400,700948
2020-06-26,17.7500,17.9500,17.3600,17.7600,1664200
2020-06-29,18.0300,18.6000,17.8000,18.4000,693017
2020-06-30,18.2700,18.9400,18.2500,18.7400,664508
2020-07-01,18.8200,18.9700,18.0300,18.1100,529873
2020-07-02,18.4100,18.6400,17.8900,17.9600,677140
2020-07-06,18.4500,18.5800,18.0200,18.1500,491395
2020-07-07,17.9000,17.9900,17.5900,17.7400,759976
2020-07-08,17.5100,17.6400,16.9200,17.2200,844878
2020-07-09,17.0700,17.1500,16.6200,16.7000,598947
2020-07-10,16.7300,17.3200,16.7300,17.2700,725611
2020-07-13,17.5200,18.0200,17.2400,17.7300,802727
2020-07-14,17.6700,17.8100,17.1800,17.4400,437951
2020-07-15,17.8500,18.2100,17.7000,18.0600,563617
2020-07-16,17.8800,18.3200,17.6900,18.1500,395300
2020-07-17,18.0100,18.1900,17.7100,17.7400,503034
2020-07-20,17.7100,17.8200,17.4500,17.5400,361971
2020-07-21,17.7900,18.4400,17.4600,18.4400,572731
2020-07-22,18.3100,18.3700,17.8800,18.0200,363703
2020-07-23,19.0000,19.3500,18.3950,18.9100,640852
2020-07-24,18.8200,19.1500,18.6700,18.6800,690814
2020-07-27,18.5800,18.5900,17.9600,18.1400,647544
2020-07-28,17.9600,18.3500,17.8600,17.8900,640134
2020-07-29,17.8500,18.3600,17.7500,18.3400,654850
2020-07-30,17.9800,18.1800,17.7600,18.0300,502781
2020-07-31,17.9700,18.0800,17.6200,18.0700,720340
2020-08-03,18.1100,18.2900,17.7700,18.0400,521272
2020-08-04,17.9400,18.1400,17.6800,17.9550,428231
2020-08-05,18.0300,18.3300,17.9200,18.2850,549654
2020-08-06,18.1900,18.3550,18.0100,18.2500,274048
2020-08-07,18.1000,19.0600,18.0500,19.0500,524544
2020-08-10,19.1400,19.6300,18.9700,19.2400,343651
2020-08-11,19.5400,19.8150,19.3000,19.4300,442481
2020-08-12,19.8700,19.8700,19.1200,19.2400,366753
2020-08-13,19.0800,19.2000,18.9100,19.0100,303257
2020-08-14,18.8400,19.2700,18.7600,19.1250,290658
2020-08-17,19.0400,19.2700,18.7700,18.8800,282895
2020-08-18,18.8800,18.8800,18.3150,18.3700,313513
2020-08-19,18.4800,18.7800,18.3800,18.5800,323571
2020-08-20,18.3200,18.8150,18.1500,18.2200,307174
2020-08-21,18.0500,18.3100,17.9700,18.1800,358127
2020-08-24,18.3700,18.7400,18.0800,18.6900,308428
2020-08-25,18.9300,19.0300,18.5200,18.6350,268317
2020-08-26,18.5300,18.6100,18.2400,18.2600,301986
2020-08-27,18.3100,18.6900,18.2900,18.5500,361998
2020-08-28,18.6900,18.6900,18.2900,18.4200,269224
2020-08-31,18.2900,18.5000,18.1700,18.2100,485970
2020-09-01,18.1100,18.3400,17.9700,18.1100,420851
2020-09-02,18.0400,18.3300,17.9600,18.0800,410719
2020-09-03,18.1800,18.7300,18.1100,18.1800,339325
2020-09-04,18.5400,18.6900,18.1500,18.5100,404543
2020-09-08,18.3100,18.3150,17.4600,17.6400,491714
2020-09-09,17.6700,18.3000,17.2900,17.3500,414471
2020-09-10,17.4000,17.4700,17.0100,17.1500,487094
2020-09-11,17.2900,17.3300,17.0000,17.0800,339932
2020-09-14,17.0800,17.3600,16.9900,17.1600,406093
2020-09-15,17.2600,17.2600,16.8500,16.9000,387274
2020-09-16,16.9000,17.4260,16.8100,17.0900,676793
2020-09-17,16.9700,17.1300,16.9350,17.0100,547268
2020-09-18,17.1400,17.2800,16.8300,17.2200,2560576
2020-09-21,16.8200,17.3100,16.1100,16.3550,735065
2020-09-22,16.4100,16.8200,16.0250,16.1150,666274
2020-09-23,16.1500,17.3500,15.7700,15.7700,588289
2020-09-24,15.8200,16.1500,15.5700,15.9900,382859
2020-09-25,15.8000,16.1100,15.8000,16.0700,503093
2020-09-28,16.3200,16.7250,16.2800,16.6700,520655
2020-09-29,16.5800,16.6000,16.2600,16.5500,339195
2020-09-30,16.6400,16.8100,16.4400,16.6300,760327
2020-10-01,16.5900,16.8000,16.2600,16.5400,339169
2020-10-02,16.2600,17.0300,16.2600,16.8900,336849
2020-10-05,17.0900,17.4300,16.9700,17.3600,353168
2020-10-06,17.3600,17.8600,17.2000,17.3400,589009
2020-10-07,17.5500,17.8700,17.4800,17.6800,512316
2020-10-08,17.8400,17.9800,17.6500,17.8900,332248
2020-10-09,18.0000,18.0700,17.8400,17.9000,237829
2020-10-12,17.7900,18.3500,17.2795,18.2600,330458
2020-10-13,18.1900,18.3500,17.5600,17.6000,274681
2020-10-14,17.6600,17.7900,17.2500,17.2700,239803
2020-10-15,17.0900,17.9000,17.0900,17.8600,267630
2020-10-16,17.7400,18.0100,17.5300,17.8700,285178
2020-10-19,17.9600,18.1000,17.5900,17.6000,207550
2020-10-20,17.8100,18.1200,17.7100,17.8100,244116
2020-10-21,17.8600,18.1800,17.8100,17.8400,198580
2020-10-22,17.6600,18.3900,17.6600,18.3300,357692
2020-10-23,18.5000,18.9300,18.2700,18.5000,334140
2020-10-26,18.3500,18.3500,17.8300,18.2700,361295
2020-10-27,18.1900,18.3027,17.7100,17.7100,282267
2020-10-28,17.3400,17.6700,17.0800,17.1000,413799
2020-10-29,17.0400,17.4800,16.8600,17.4000,336206
2020-10-30,17.3400,17.6700,17.3400,17.5000,550485
2020-11-02,17.7700,18.0000,17.4350,18.0000,345684
2020-11-03,18.1000,18.5100,18.0700,18.2700,461381
2020-11-04,17.8200,17.8200,16.6450,16.7300,400502
2020-11-05,16.7600,17.3150,16.7600,17.1450,263555
2020-11-06,17.6100,17.9000,17.3801,17.7500,564850
2020-11-09,19.3020,21.0900,18.1000,20.5300,756748
2020-11-10,20.8600,21.3400,20.4800,20.9800,634089
2020-11-11,21.0200,21.0200,19.8100,20.0600,316627
2020-11-12,19.7000,20.2900,19.2900,19.5600,356776
2020-11-13,19.8400,20.2600,19.8200,20.1300,312563
2020-11-16,20.8000,21.1400,20.3300,21.0400,375464
2020-11-17,20.7300,20.9500,20.3100,20.9400,356261
2020-11-18,21.0900,21.1100,20.2550,20.2600,314205
2020-11-19,20.1700,20.2200,19.8700,20.1500,271930
2020-11-20,19.6800,20.2400,19.6700,19.9000,342996
2020-11-23,20.2000,20.2500,19.9200,20.1300,300211
2020-11-24,20.3600,21.0400,20.3600,20.7600,617245
2020-11-25,20.5200,20.5200,20.0200,20.3000,395715
2020-11-27,20.2000,20.2000,19.7100,19.9900,159039
2020-11-30,19.6700,19.8502,18.9100,18.9900,419680
2020-12-01,19.4000,19.5900,19.0900,19.2900,439558
2020-12-02,19.2900,19.6000,19.1900,19.4200,278455
2020-12-03,19.4000,19.5400,19.0200,19.2500,193532
2020-12-04,19.4900,19.8100,19.3100,19.7700,221003
2020-12-07,19.5000,19.7800,19.3800,19.6900,254368
2020-12-08,19.5000,19.8000,19.5000,19.7600,222376
2020-12-09,19.9300,19.9300,19.5800,19.7500,299635
2020-12-10,19.5300,19.8600,19.1000,19.8300,271121
2020-12-11,19.6100,19.9300,19.6000,19.6500,243322
2020-12-14,20.0100,20.0100,19.4850,19.5200,280350
2020-12-15,19.6600,19.9000,19.4700,19.9000,330596
2020-12-16,19.9000,19.9200,19.7500,19.9000,265332
2020-12-17,18.0700,19.9400,18.0700,19.8700,340513
2020-12-18,19.8800,19.9900,19.5700,19.6300,1709854
2020-12-21,19.5200,19.7000,19.2000,19.3800,399431
2020-12-22,19.3700,19.3850,18.9900,19.0050,379026
2020-12-23,19.2100,19.6200,19.1100,19.5400,451066
2020-12-24,19.5000,19.6300,19.2900,19.6300,224291
2020-12-28,19.7300,19.9700,19.5500,19.8200,408206
2020-12-29,19.8500,20.0600,19.3800,19.5250,388267
2020-12-30,19.4700,19.5750,19.2900,19.3800,165149
2020-12-31,19.4800,19.6100,19.1700,19.5000,265221
2021-01-04,19.5600,19.8500,19.1450,19.5200,480216
2021-01-05,19.4600,20.0500,19.4000,19.7200,603959
2021-01-06,20.3700,21.9300,20.3700,21.6000,1114682
2021-01-07,21.9200,21.9900,21.2450,21.6600,482868
2021-01-08,21.6600,21.8900,20.8297,21.2600,580300
2021-01-11,21.1300,21.5200,20.9400,21.5100,302351
2021-01-12,21.5100,21.8800,21.3500,21.7500,235420
2021-01-13,21.6600,21.7000,21.0400,21.2100,386148
2021-01-14,21.4200,21.6300,21.2300,21.4450,837313
2021-01-15,21.3100,21.6000,20.9600,21.1100,628321
2021-01-19,21.1700,21.5800,20.3000,21.4900,387133
2021-01-20,21.3400,21.6200,20.7600,21.3000,402323
2021-01-21,21.4400,21.5100,20.7600,20.9800,323531
2021-01-22,20.7200,21.6300,20.6200,21.5500,535714
2021-01-25,21.2700,21.7300,20.9700,21.3100,435365
2021-01-26,21.4900,21.4900,20.7600,20.7800,260005
2021-01-27,20.3900,20.6300,19.9100,19.9500,606782
2021-01-28,20.3100,20.3100,19.6400,19.9700,688536
2021-01-29,19.8700,20.1600,19.3600,19.4300,671293
2021-02-01,19.5100,19.8850,19.3100,19.7600,664878
2021-02-02,20.0000,20.2900,19.7500,20.0200,400187
2021-02-03,19.8700,19.9800,19.5800,19.7800,424654
2021-02-04,19.9400,20.5300,19.7900,20.3600,597050
2021-02-05,20.6200,20.6800,19.9300,20.1700,303523
2021-02-08,20.2700,20.5700,20.0900,20.5500,377409
2021-02-09,20.5600,20.8600,20.3500,20.8200,259331
2021-02-10,20.9700,21.1800,20.7600,20.9500,410616
2021-02-11,20.9100,21.2100,20.5200,20.9500,399689
2021-02-12,20.8000,21.2000,20.8000,21.1200,277240
2021-02-16,21.1900,21.3300,21.0400,21.1200,588235
2021-02-17,21.0100,21.3000,20.9200,21.0100,245958
2021-02-18,20.9400,21.1400,20.7100,20.7850,212506
2021-02-19,20.8400,21.1900,20.8400,21.1400,425172
2021-02-22,21.1200,21.7900,20.9900,21.6050,381037
2021-02-23,21.7100,22.3300,21.5000,21.8600,507544
2021-02-24,22.0900,22.5050,22.0900,22.3500,580049
2021-02-25,22.3100,22.5892,21.8300,21.8600,346500
2021-02-26,21.6700,21.9400,21.3800,21.4100,535836
2021-03-01,21.9200,22.1200,21.6800,21.9800,315326
2021-03-02,21.9900,22.1000,21.5400,21.6600,198924
2021-03-03,21.8400,22.6300,21.5600,22.0050,445308
2021-03-04,22.1500,22.8700,21.8600,22.2000,471095
2021-03-05,22.1700,22.8800,22.1700,22.7800,547418
2021-03-08,23.0000,24.8800,22.8400,24.1100,1245332
2021-03-09,23.5000,24.3200,23.1550,23.8800,793326
2021-03-10,23.8200,24.4100,23.2200,24.1600,702214
2021-03-11,24.1600,24.4000,23.9100,24.3500,430121
2021-03-12,24.5700,25.0000,24.4700,24.8850,506939
2021-03-15,24.7900,24.8800,23.7000,24.1800,483002
2021-03-16,23.8900,24.1700,23.4000,23.7500,398560
2021-03-17,23.8900,24.0900,23.3800,23.5700,353260
2021-03-18,23.8300,24.6300,23.6800,23.7800,464893
2021-03-19,23.2000,23.9800,22.9300,23.9600,2747356
2021-03-22,23.5900,23.6350,22.6800,22.8900,464793
2021-03-23,22.5600,22.7700,21.9700,22.1000,486451
2021-03-24,22.4300,23.0050,22.0900,22.1400,596816
2021-03-25,21.9900,22.5800,21.8900,22.4600,703955
2021-03-26,22.7900,23.1600,22.5800,23.1300,441919
2021-03-29,22.8100,23.0950,22.3900,22.4850,573549
2021-03-30,22.2700,22.8500,22.2700,22.4800,298383
2021-03-31,22.3300,22.6300,22.0600,22.0900,651989
2021-04-01,22.0300,22.2350,21.7500,22.2150,328300
2021-04-05,22.5500,22.6000,22.1100,22.3450,458226
2021-04-06,22.3500,22.3500,21.9000,22.0700,263498
2021-04-07,22.0300,22.2000,21.8000,21.9200,381296
2021-04-08,21.8400,22.0250,21.4400,21.9500,387279
2021-04-09,22.1500,22.1500,21.6100,22.0650,468785
2021-04-12,22.2000,22.4600,22.1000,22.2200,454170
2021-04-13,22.1000,22.3400,21.7000,21.8900,333109
2021-04-14,21.8600,22.2150,21.8200,21.9400,308507
2021-04-15,21.8900,21.9450,21.4700,21.9300,281191
2021-04-16,22.8665,22.8665,21.8400,22.0500,276431
2021-04-19,21.9600,22.2400,21.6600,21.8350,291417
2021-04-20,21.6500,21.7700,21.1100,21.1700,401274
2021-04-21,21.1000,21.5800,21.0100,21.5400,340629
2021-04-22,21.9600,21.9600,21.2700,21.3000,397054
2021-04-23,21.2300,22.2100,21.2300,22.0500,423632
2021-04-26,22.3700,22.4400,21.7900,21.8400,243162
2021-04-27,21.9900,22.0350,21.5100,21.7600,348340
2021-04-28,21.7600,21.7600,21.4900,21.5150,298995
2021-04-29,21.7300,21.9400,21.4950,21.5600,288407
2021-04-30,21.3400,21.6900,21.2000,21.2100,541789
2021-05-03,21.3600,21.6700,21.3150,21.5500,646904
2021-05-04,21.4900,21.7100,21.3300,21.6400,352235
2021-05-05,21.5900,21.6700,21.3600,21.5500,272871
2021-05-06,21.5900,21.9500,21.4600,21.9300,323155
2021-05-07,21.5400,21.9100,21.5000,21.7700,542401
2021-05-10,21.7800,22.0500,21.4150,21.4800,571500
2021-05-11,21.2800,21.5400,21.2200,21.3600,605170
2021-05-12,21.5700,22.5400,21.3000,21.3400,679862
2021-05-13,21.2700,22.3200,21.2700,22.1700,622164
2021-05-14,22.3000,22.5050,22.0400,22.4250,481120
2021-05-17,22.3300,22.5600,22.2600,22.4900,301636
2021-05-18,22.4800,22.6700,22.1800,22.1800,504039
2021-05-19,21.9800,22.3400,21.5500,22.3200,708152
2021-05-20,22.2000,22.4350,21.9300,22.3800,595432
2021-05-21,22.6200,22.9400,22.4800,22.8200,1075878
2021-05-24,22.8300,22.8900,22.2100,22.2400,450326
2021-05-25,22.2100,22.4300,21.4900,21.5000,564350
2021-05-26,21.5500,21.7800,21.3900,21.7500,330601
2021-05-27,22.0700,22.1950,21.9100,22.1500,396987
2021-05-28,22.1200,22.1900,21.8500,22.1800,221786
2021-06-01,22.3500,22.4900,22.2000,22.3600,452905
2021-06-02,22.4700,22.4700,22.1800,22.2500,313625
2021-06-03,22.2800,22.4700,22.1700,22.4200,293205
2021-06-04,22.3000,22.4600,22.1200,22.3100,254864
2021-06-07,22.3400,22.5200,22.2600,22.4800,251229
2021-06-08,22.2700,22.7200,22.2200,22.6000,279712
2021-06-09,22.4600,22.4900,22.2500,22.2800,319253
2021-06-10,22.6100,22.9800,22.0400,22.0600,305846
2021-06-11,22.1300,22.3900,21.9900,22.0500,233213
2021-06-14,21.9000,22.2400,21.6500,21.8200,425407
2021-06-15,21.9500,22.3800,21.8300,22.1900,325928
2021-06-16,22.0700,22.6450,21.9100,22.5300,367700
2021-06-17,22.6700,22.7000,21.5000,21.6100,651144
2021-06-18,21.2500,22.6900,20.6100,20.6300,1553609
2021-06-21,20.8200,21.6200,20.8200,21.3600,516035
2021-06-22,21.3200,22.0350,20.9400,21.3600,303552
2021-06-23,21.4000,21.4100,21.0200,21.0500,566216
2021-06-24,21.0700,21.4900,20.9700,21.4300,349090
2021-06-25,21.4600,21.7200,21.3310,21.5800,1021906
2021-06-28,21.4400,21.4400,20.7600,20.9300,426831
2021-06-29,20.9500,21.1100,20.5800,20.6000,213167
2021-06-30,20.5000,20.7900,20.5000,20.5900,355136
2021-07-01,20.7600,20.8000,20.5550,20.6800,337524
2021-07-02,20.5800,20.6000,20.2600,20.3000,348279
2021-07-06,20.8550,20.8550,19.7000,19.9400,537686
2021-07-07,19.7100,20.0300,19.6800,19.8100,516634
2021-07-08,19.4600,19.6600,19.1900,19.3800,734776
2021-07-09,19.7800,20.0200,19.6450,19.9400,710903
2021-07-12,19.7900,20.2800,19.5700,20.1500,706411
2021-07-13,20.0900,20.0900,19.4802,19.6900,521558
2021-07-14,19.7200,19.9100,19.5000,19.7400,303264
2021-07-15,19.6200,20.1500,19.4950,20.1300,390953
2021-07-16,20.2600,20.2800,19.6200,19.7000,500152
2021-07-19,19.3100,19.5100,18.9800,19.1400,533407
2021-07-20,19.1700,19.9100,19.1600,19.3300,747865
2021-07-21,19.4800,19.7800,19.4600,19.6600,429595
2021-07-22,18.9900,19.6800,18.9900,19.2000,406494
2021-07-23,19.4500,19.6400,19.2300,19.3000,381448
2021-07-26,19.3200,19.7300,19.2800,19.3600,302936
2021-07-27,19.1700,19.3600,19.0100,19.2300,296247
2021-07-28,18.8200,19.4000,18.8200,19.2500,650943
2021-07-29,19.5100,19.9200,19.2300,19.2600,339233
2021-07-30,19.1400,19.4300,18.8251,19.0600,446253
2021-08-02,19.1100,19.5600,18.9399,18.9900,555382
2021-08-03,19.1100,19.3400,18.8800,19.2500,488387
2021-08-04,18.9800,19.2000,18.8601,19.0900,334220
2021-08-05,19.4000,19.4800,19.2600,19.4600,589993
2021-08-06,19.6000,20.1400,19.6000,19.8900,436749
2021-08-09,19.8100,19.9500,19.5900,19.6300,317203
2021-08-10,19.6100,19.9200,19.4500,19.9200,331131
2021-08-11,20.0000,20.2100,19.7100,20.1800,389739
2021-08-12,20.1800,20.2450,20.0200,20.2000,611148
2021-08-13,20.2500,20.2900,20.0900,20.2500,461036
2021-08-16,20.1200,20.2500,19.9400,20.2200,563673
2021-08-17,20.1200,20.3000,19.9100,20.1700,505186
2021-08-18,20.1000,20.2200,19.9200,20.1200,563871
2021-08-19,19.9900,20.1900,19.8000,19.8800,546275
2021-08-20,19.8700,20.4300,19.8400,20.3400,423992
2021-08-23,20.4000,20.5500,20.3000,20.3200,241912
2021-08-24,20.3400,20.4200,20.2000,20.3000,234639
2021-08-25,20.3300,20.4700,20.1700,20.1700,408739
2021-08-26,20.2300,20.2600,19.9350,19.9400,280779
2021-08-27,19.9600,20.5100,19.9600,20.4500,367089
2021-08-30,20.5000,20.5000,20.1100,20.2500,411733
2021-08-31,20.2300,20.6700,20.2300,20.3600,432097
2021-09-01,20.4300,20.4300,20.0400,20.1500,250023
2021-09-02,20.1800,20.4200,20.0500,20.0700,312658
2021-09-03,20.1300,20.2300,19.9200,19.9400,354929
2021-09-07,19.9700,20.1800,19.7800,19.8900,310695
2021-09-08,19.7500,20.0000,19.4400,19.5700,400265
2021-09-09,19.5300,19.8100,19.2300,19.6200,406974
2021-09-10,19.6600,19.8100,19.2500,19.2900,499980
2021-09-13,19.4600,19.5300,18.9900,19.1500,513327
2021-09-14,19.1700,19.1700,18.8700,19.0500,518491
2021-09-15,19.0400,19.3500,18.9850,19.0300,468116
2021-09-16,19.1700,19.1700,18.8900,19.0200,433420
2021-09-17,19.1100,19.5000,18.9800,19.3100,1960430
2021-09-20,18.9500,19.0800,18.7200,18.8900,910704
2021-09-21,18.7250,19.2200,18.7250,18.9900,473378
2021-09-22,19.1600,19.4900,18.9800,19.0500,603367
2021-09-23,19.2100,19.6850,19.1000,19.4800,579570
2021-09-24,19.5200,19.8900,19.5200,19.7700,603872
2021-09-27,19.9100,20.7100,19.9100,20.5100,627684
2021-09-28,20.5600,20.6500,20.2900,20.3900,469406
2021-09-29,20.3700,20.7500,20.2800,20.6200,506111
2021-09-30,20.6900,20.7800,20.3600,20.3700,429327
2021-10-01,20.3800,20.8500,20.2700,20.6400,642795
2021-10-04,20.6100,20.8300,20.4200,20.4900,335831
2021-10-05,20.3700,20.4700,20.1600,20.3100,576081
2021-10-06,20.1700,20.3750,19.9500,20.1900,458410
2021-10-07,20.3500,20.4900,20.2150,20.2500,614790
2021-10-08,20.2100,20.4000,20.0000,20.3300,336352
2021-10-11,20.5100,20.5100,19.9700,19.9700,336461
2021-10-12,19.9300,20.0400,19.7200,19.8400,499126
2021-10-13,19.8100,19.8400,19.4900,19.7500,392042
2021-10-14,20.0100,20.0100,19.8100,20.0000,359204
2021-10-15,20.3000,20.3000,19.9700,19.9900,448470
2021-10-18,19.9200,20.1000,19.6700,19.7100,405873
2021-10-19,19.7900,19.8900,19.4400,19.8500,534391
2021-10-20,19.8200,20.2000,19.7900,20.1700,457176
2021-10-21,20.6400,20.6400,19.7000,19.8800,404484
2021-10-22,19.8500,20.0100,19.5600,19.7000,536557
2021-10-25,19.6800,19.9100,19.5100,19.8400,431789
2021-10-26,19.8300,19.9000,19.6300,19.6800,607266
2021-10-27,19.6000,19.9800,19.4600,19.4700,889285
2021-10-28,19.5200,20.0500,19.5200,19.8400,568882
2021-10-29,19.8500,20.0400,19.7700,20.0200,893313
2021-11-01,20.0800,20.7900,20.0300,20.7500,841560
2021-11-02,20.8300,20.8300,20.2900,20.3400,385817
2021-11-03,20.2900,21.0900,20.1000,20.9900,428695
2021-11-04,20.9200,20.9200,20.3200,20.5900,543348
2021-11-05,20.7600,21.0300,20.5800,20.8900,566561
2021-11-08,20.9600,21.2340,20.6200,20.6500,477320
2021-11-09,20.5400,20.8400,20.3300,20.7300,358372
2021-11-10,20.7800,20.9700,20.7100,20.7300,434029
2021-11-11,20.7600,20.9300,20.5800,20.8000,300667
2021-11-12,20.8300,20.8400,20.4700,20.6500,394272
2021-11-15,20.7200,20.8550,20.6000,20.6700,480297
2021-11-16,20.6800,20.9100,20.3600,20.9000,420527
2021-11-17,20.8800,20.9200,20.6500,20.9000,467943
2021-11-18,20.9700,20.9700,20.7200,20.8600,658963
2021-11-19,20.6700,20.7450,20.4100,20.6200,334640
2021-11-22,20.8100,21.3700,20.7400,20.9400,463534
2021-11-23,21.1200,21.2500,20.9300,20.9500,378579
2021-11-24,20.8900,21.0400,20.6300,20.6500,204972
2021-11-26,20.0100,20.5100,19.1400,19.6100,483154
2021-11-29,19.8500,20.3500,19.3200,19.3700,516024
2021-11-30,19.1100,20.0000,19.0000,19.1100,508528
2021-12-01,19.5500,20.7400,19.1700,19.2300,472506
2021-12-02,19.4400,20.1300,19.3200,20.0700,575325
2021-12-03,20.1400,20.1500,19.5300,19.9200,435522
2021-12-06,20.2600,20.9700,20.0000,20.4300,632369
2021-12-07,20.5600,20.5900,20.2900,20.4300,827296
2021-12-08,20.5300,20.7700,20.4950,20.7200,819608
2021-12-09,20.5300,20.8050,20.3600,20.5300,840649
2021-12-10,20.6500,20.9900,20.5150,20.9900,536809
2021-12-13,20.8900,20.9300,20.5200,20.8200,918622
2021-12-14,20.8500,21.4800,20.8500,21.3300,795276
2021-12-15,21.4400,21.6700,21.0405,21.2600,2215846
2021-12-16,21.5400,21.7700,21.2400,21.5500,935667
2021-12-17,21.4300,21.6500,20.8500,21.2000,3795897
2021-12-20,20.9300,21.1800,20.4200,20.9100,887594
2021-12-21,21.0000,21.3600,21.0000,21.1700,616521
2021-12-22,21.1700,21.3400,20.9520,21.3300,438556
2021-12-23,21.4500,21.6100,21.3600,21.5200,428429
2021-12-27,21.5600,21.8500,21.2900,21.5600,513502
2021-12-28,21.3100,21.5600,21.3000,21.4200,432281
2021-12-29,21.4100,21.5000,21.2200,21.4300,276771
2021-12-30,21.4100,21.5900,21.3150,21.3900,354829
2021-12-31,21.3900,21.4800,21.2600,21.4100,283178
2022-01-03,21.5600,21.9000,21.3620,21.5800,923216
2022-01-04,21.7400,22.1100,21.4600,21.8900,681422
2022-01-05,22.0400,22.2700,21.8700,21.9200,554068
2022-01-06,22.3000,22.6500,22.0820,22.6000,611249
2022-01-07,22.6700,22.9300,22.4600,22.8700,660410
2022-01-10,23.0400,23.5000,22.7800,23.4400,1141705
2022-01-11,23.4300,23.4300,23.0300,23.1900,812052
2022-01-12,23.2100,23.3400,22.9600,23.0900,807114
2022-01-13,23.1900,23.4600,23.0050,23.2000,502189
2022-01-14,22.9900,23.4100,22.8000,23.3700,662493
2022-01-18,23.3800,23.4700,23.1100,23.2200,699918
2022-01-19,23.2800,23.2800,22.7300,22.8400,770842
2022-01-20,22.8700,23.0550,22.2600,22.3100,1077287
2022-01-21,22.0800,22.7800,22.0800,22.2900,818604
2022-01-24,22.0400,22.7300,22.0400,22.6400,739887
2022-01-25,22.8600,22.9300,22.1100,22.7100,560268
2022-01-26,22.7100,22.9050,22.0300,22.4700,652842
2022-01-27,22.9300,23.1100,22.1300,22.2800,596181
2022-01-28,22.1700,22.3800,21.6200,22.1000,625072
2022-01-31,21.8800,22.0500,21.4400,22.0300,751854
2022-02-01,21.9000,22.1000,21.5900,22.0100,563172
2022-02-02,22.1500,22.8900,22.1000,22.3100,1121329
2022-02-03,22.3700,22.7700,22.2900,22.5100,1184637
2022-02-04,22.5300,22.8800,22.3800,22.7900,1070475
2022-02-07,22.7900,23.1250,22.6600,23.1000,764737
2022-02-08,23.2100,23.8000,23.1200,23.7100,860331
2022-02-09,23.6600,23.7500,23.2800,23.4500,864231
2022-02-10,23.5600,23.8300,23.5200,23.6600,726363
2022-02-11,23.5600,24.0400,23.5500,23.7000,927994
2022-02-14,23.8100,23.8700,23.4600,23.5300,878627
2022-02-15,23.6200,24.0100,23.6200,23.9800,754039
2022-02-16,23.9300,24.0900,23.8500,23.9700,591314
2022-02-17,23.7500,23.9400,23.6300,23.7300,859816
2022-02-18,23.6500,24.1800,23.6400,23.9600,1173979
2022-02-22,23.9200,24.1900,23.7700,23.9200,848763
2022-02-23,23.9800,24.1300,23.3950,23.5100,860286
2022-02-24,23.0000,23.0000,22.2000,22.9000,885143
2022-02-25,23.0600,23.7800,23.0600,23.6300,533593
2022-02-28,23.2600,23.7550,22.9000,23.5800,858146
2022-03-01,23.3900,23.6800,22.5200,22.9100,1019938
2022-03-02,23.1600,23.6600,23.1600,23.3800,753351
2022-03-03,23.3900,23.6550,23.3200,23.5400,770767
2022-03-04,23.1600,23.3100,22.9900,23.2400,784751
2022-03-07,23.1700,23.8700,22.9500,23.0900,1250804
2022-03-08,23.2700,23.5300,22.7700,22.7800,987042
2022-03-09,23.1500,23.4200,23.0250,23.1000,700478
2022-03-10,22.9200,23.3000,22.9200,23.2400,985462
2022-03-11,23.3000,23.6000,23.2500,23.4700,883686
2022-03-14,23.6400,24.3700,23.5300,23.9700,1338553
2022-03-15,24.0900,24.3000,23.5000,23.7200,1063120
2022-03-16,23.9000,24.2600,23.7300,23.8900,1096753
2022-03-17,23.6700,23.8200,23.3900,23.5500,1098946
2022-03-18,23.6100,23.6100,22.8800,22.8800,5562452
2022-03-21,22.9900,23.5700,22.9800,23.3200,1482360
2022-03-22,23.3500,23.6750,23.3050,23.4800,1224665
2022-03-23,23.4200,23.5300,23.0200,23.0600,1094076
2022-03-24,23.1700,23.3500,22.9500,23.3000,834183
2022-03-25,23.4000,23.9800,23.3100,23.9800,875025
2022-03-28,23.9400,23.9400,23.4300,23.8500,962364
2022-03-29,24.0000,24.1400,23.7350,24.0500,1223314
2022-03-30,24.0600,24.1200,23.2550,23.4100,1221281
2022-03-31,23.3200,23.5700,23.1600,23.2100,888960
2022-04-01,23.3700,23.4400,23.0100,23.1100,1168886
2022-04-04,23.1500,23.3000,22.8000,23.2300,1331706
2022-04-05,23.0200,23.2800,22.8200,22.8600,911973
2022-04-06,22.7700,22.9800,22.6300,22.7700,1385062
2022-04-07,22.8100,22.8100,22.3650,22.5600,1197402
2022-04-08,22.6800,22.8900,22.5100,22.6300,825138
2022-04-11,22.6000,23.0100,22.6000,22.7100,996318
2022-04-12,22.6200,22.9900,22.6200,22.7600,953120
2022-04-13,22.6800,22.9350,22.6100,22.8300,586336
2022-04-14,22.8400,23.0100,22.5400,22.7700,684735
2022-04-18,23.1000,23.1000,22.6700,22.8900,925633
2022-04-19,22.9800,23.6150,22.9200,23.5400,1018565
2022-04-20,23.7800,23.9500,23.5600,23.7500,755945
2022-04-21,23.2500,24.3700,23.2500,24.1300,1677105
2022-04-22,24.2400,24.2600,23.9200,23.9400,972173
2022-04-25,23.8900,24.0900,23.6800,23.9900,1079186
2022-04-26,23.7100,23.9850,23.4650,23.5000,938609
2022-04-27,23.4800,23.7700,23.3400,23.4700,840889
2022-04-28,23.6000,23.8100,23.4050,23.6600,753428
2022-04-29,23.6200,23.8300,22.8950,23.0200,796619
2022-05-02,23.0400,23.4700,22.8800,23.2600,1036819
2022-05-03,23.3300,23.6100,23.1200,23.3700,578479
2022-05-04,23.4600,24.1300,23.3600,24.0900,1056342
2022-05-05,23.8900,24.0700,23.4400,23.7900,709259
2022-05-06,23.7900,23.8600,23.4000,23.7000,599989
2022-05-09,23.5400,23.9500,23.4480,23.7400,694865
2022-05-10,23.7200,23.9700,22.9900,23.3800,935035
2022-05-11,23.4700,23.9014,23.3600,23.4300,721643
2022-05-12,23.3800,23.5600,22.9200,23.4100,916009
2022-05-13,23.5100,23.8300,23.3800,23.6000,737815
2022-05-16,23.5100,23.7400,23.2300,23.5400,586020
2022-05-17,23.7900,24.1900,23.7600,24.1000,738879
